552
23 1908
615 1938
944 1973
455 1982
716 2060
403 2068
352 2083
65 2093
424 2096
542 2107
950 2109
308 2112
578 2117
846 2126
794 2132
156 2133
59 2135
889 2141
925 2144
226 2152
67 2154
701 2155
78 2156
42 2162
255 2162
824 2166
671 2167
804 2168
300 2169
408 2171
250 2173
598 2173
826 2181
181 2183
786 2183
525 2184
808 2186
595 2187
766 2188
721 2189
783 2189
896 2189
538 2192
923 2197
634 2199
22 2201
144 2201
899 2201
610 2203
860 2203
931 2203
120 2205
80 2211
592 2211
476 2212
210 2217
855 2217
922 2218
225 2219
100 2220
33 2222
157 2222
242 2225
279 2225
629 2225
834 2225
981 2227
567 2228
780 2229
254 2230
523 2230
771 2232
868 2233
396 2237
802 2239
174 2242
355 2243
208 2244
773 2244
750 2245
18 2246
132 2248
229 2248
849 2249
905 2250
463 2251
900 2252
34 2255
134 2255
233 2255
585 2258
348 2259
731 2259
252 2261
677 2261
180 2264
688 2264
932 2266
631 2267
975 2267
706 2268
738 2269
982 2269
57 2273
220 2273
440 2273
788 2273
903 2273
409 2274
101 2275
340 2275
530 2278
531 2278
503 2279
328 2280
892 2280
511 2281
639 2282
713 2282
145 2283
228 2283
536 2283
763 2283
133 2284
500 2284
185 2286
830 2286
357 2287
401 2287
17 2289
196 2290
642 2291
872 2291
895 2292
69 2294
457 2296
151 2298
295 2301
307 2303
647 2304
298 2305
201 2306
704 2306
876 2306
162 2307
522 2307
653 2307
142 2308
11 2309
121 2309
248 2309
906 2309
736 2310
777 2310
941 2310
203 2311
958 2311
278 2313
859 2316
998 2317
49 2318
272 2318
188 2319
902 2319
474 2320
282 2321
528 2321
431 2322
486 2322
803 2322
183 2323
326 2323
515 2323
381 2324
487 2324
46 2325
379 2325
870 2325
152 2326
484 2327
561 2327
767 2327
338 2328
778 2328
244 2329
266 2329
342 2329
993 2330
367 2331
800 2331
387 2332
438 2332
442 2332
825 2332
223 2333
285 2333
316 2333
618 2333
954 2333
227 2334
752 2335
498 2337
600 2337
82 2339
232 2339
439 2340
893 2340
200 2341
833 2342
654 2343
376 2344
606 2344
764 2344
369 2345
669 2345
271 2346
968 2346
489 2348
583 2351
656 2351
667 2351
136 2353
187 2353
262 2353
318 2353
389 2353
909 2353
26 2354
391 2354
63 2355
519 2355
294 2356
372 2356
674 2357
119 2358
291 2360
574 2360
927 2360
467 2361
791 2361
985 2361
847 2362
7 2363
904 2363
194 2364
430 2364
880 2364
977 2364
51 2367
38 2368
664 2368
787 2368
394 2369
141 2370
398 2370
508 2371
972 2371
117 2372
402 2373
858 2374
717 2375
520 2376
747 2376
784 2376
831 2377
102 2378
809 2378
71 2379
361 2379
161 2380
177 2380
436 2380
45 2381
97 2381
311 2381
456 2381
755 2381
740 2382
24 2383
341 2383
684 2383
724 2383
107 2384
411 2384
668 2385
723 2385
497 2386
761 2386
814 2388
382 2389
426 2389
555 2389
997 2389
449 2390
673 2390
114 2391
406 2391
907 2391
305 2392
190 2393
757 2393
127 2394
273 2394
535 2394
608 2394
375 2395
703 2395
861 2396
969 2396
613 2397
432 2398
482 2398
288 2399
428 2400
512 2400
545 2401
572 2401
964 2401
85 2404
593 2404
170 2405
216 2405
337 2405
558 2405
129 2406
178 2406
749 2406
756 2406
269 2408
588 2408
124 2409
140 2409
327 2409
691 2409
796 2409
937 2409
928 2410
335 2411
453 2411
510 2411
646 2411
64 2412
707 2412
992 2412
239 2413
44 2414
339 2414
373 2414
601 2414
602 2414
633 2415
243 2416
433 2417
502 2417
265 2418
976 2418
70 2419
249 2420
37 2422
840 2422
222 2423
322 2423
621 2423
881 2423
98 2424
329 2424
283 2425
942 2426
43 2427
758 2427
844 2427
852 2427
72 2428
277 2428
952 2428
708 2429
739 2429
280 2430
472 2430
499 2430
851 2430
193 2431
534 2431
768 2431
789 2431
850 2431
10 2432
240 2432
622 2432
655 2432
973 2432
205 2433
447 2433
464 2433
649 2433
643 2434
956 2434
14 2435
87 2435
485 2435
83 2436
214 2436
293 2436
795 2436
81 2437
700 2438
971 2438
55 2439
130 2439
505 2439
818 2439
823 2439
234 2440
168 2441
247 2441
323 2441
164 2442
206 2442
524 2442
564 2442
837 2442
39 2443
113 2443
260 2443
415 2443
490 2443
712 2443
259 2444
779 2445
793 2445
550 2446
680 2446
947 2446
955 2446
56 2447
423 2447
730 2448
843 2448
41 2449
160 2449
349 2449
416 2449
501 2450
625 2450
496 2451
798 2451
915 2451
36 2452
60 2453
169 2453
189 2453
251 2453
261 2453
801 2453
20 2454
28 2454
412 2455
62 2456
609 2456
886 2457
186 2458
987 2458
533 2459
696 2459
292 2461
493 2461
817 2461
934 2461
61 2462
566 2463
715 2463
302 2464
466 2464
54 2465
330 2465
636 2465
692 2465
388 2466
548 2467
172 2468
176 2468
651 2468
719 2468
12 2469
605 2469
897 2469
91 2470
93 2470
235 2470
822 2471
268 2472
359 2472
885 2472
19 2473
32 2473
390 2473
454 2473
781 2473
553 2474
99 2475
365 2475
812 2475
29 2476
405 2476
479 2476
970 2476
270 2477
568 2477
611 2477
732 2477
154 2478
397 2478
491 2478
3 2479
547 2479
869 2480
962 2480
539 2481
797 2481
103 2484
312 2484
473 2484
966 2484
150 2485
862 2485
224 2486
324 2486
559 2486
6 2487
380 2487
461 2487
108 2488
920 2488
951 2488
856 2489
910 2489
47 2490
88 2490
635 2490
344 2491
459 2491
309 2492
875 2492
805 2494
9 2495
89 2495
841 2495
974 2495
698 2496
584 2497
575 2498
435 2500
360 2501
697 2501
711 2501
811 2501
945 2501
284 2502
304 2502
462 2502
301 2503
395 2503
532 2503
614 2503
267 2504
137 2505
125 2506
475 2507
281 2508
374 2508
751 2508
90 2509
665 2509
138 2510
509 2510
514 2510
782 2510
126 2511
760 2511
171 2512
686 2513
693 2513
821 2513
908 2513
95 2514
445 2514
926 2514
446 2515
854 2515
581 2516
385 2517
718 2517
679 2518
995 2518
221 2519
742 2519
838 2520
314 2521
569 2521
5 2522
883 2522
991 2522
195 2523
158 2525
217 2525
334 2526
743 2526
451 2527
619 2527
652 2527
988 2527
726 2528
264 2529
589 2529
492 2530
839 2531
66 2532
333 2532
106 2533
238 2533
377 2533
617 2534
882 2534
887 2534
153 2535
413 2535
694 2535
890 2535
494 2536
832 2536
874 2536
513 2537
675 2537
577 2538
644 2538
237 2539
363 2539
477 2539
40 2540
366 2540
810 2540
245 2541
705 2542
689 2543
745 2543
772 2543
173 2544
332 2544
681 2544
864 2544
877 2544
198 2545
662 2545
734 2545
888 2545
393 2546
419 2546
241 2547
384 2548
556 2548
563 2548
582 2548
599 2548
790 2548
638 2549
866 2549
317 2550
596 2550
961 2550
128 2551
576 2551
650 2551
754 2551
911 2551
990 2552
315 2553
351 2553
544 2553
853 2553
236 2554
407 2554
427 2554
658 2554
828 2555
258 2556
727 2557
917 2557
253 2558
110 2559
146 2559
620 2559
94 2560
469 2560
471 2560
980 2560
358 2561
516 2561
737 2561
943 2561
215 2563
967 2563
495 2564
842 2565
878 2565
392 2566
551 2566
287 2567
299 2569
370 2569
930 2569
246 2570
263 2570
425 2570
623 2571
410 2572
105 2573
710 2573
587 2574
434 2575
537 2575
792 2576
163 2577
437 2577
590 2577
182 2578
378 2578
627 2578
940 2578
421 2579
8 2580
368 2580
683 2581
354 2582
670 2583
921 2583
211 2584
612 2584
918 2585
179 2586
362 2586
594 2586
857 2586
518 2587
347 2589
76 2590
118 2590
632 2590
666 2590
863 2590
948 2590
230 2591
616 2591
963 2591
1000 2591
84 2592
774 2592
946 2593
21 2595
521 2595
996 2595
306 2596
478 2596
112 2597
441 2597
983 2598
546 2599
131 2600
148 2600
149 2600
165 2600
275 2600
53 2601
184 2602
527 2602
549 2602
836 2603
202 2605
543 2605
111 2606
628 2606
702 2606
414 2607
560 2607
765 2607
871 2608
139 2609
2 2610
465 2611
848 2611
637 2613
672 2613
429 2614
319 2615
356 2616
517 2616
420 2618
733 2618
938 2618
604 2619
748 2619
916 2619
959 2620
175 2621
607 2622
690 2622
819 2622
123 2623
624 2623
657 2624
914 2624
978 2624
597 2626
929 2626
77 2627
626 2627
276 2628
303 2629
444 2630
746 2630
729 2631
753 2631
835 2631
209 2632
949 2632
79 2633
660 2634
722 2634
321 2635
383 2636
4 2637
213 2637
879 2639
166 2641
345 2641
678 2642
709 2642
147 2644
386 2644
480 2644
735 2644
199 2645
741 2645
999 2646
953 2649
957 2650
297 2651
460 2651
687 2651
815 2651
994 2652
645 2653
122 2654
898 2654
641 2656
580 2657
699 2657
86 2658
320 2659
256 2661
450 2661
481 2661
676 2661
50 2663
159 2663
526 2663
109 2664
867 2664
30 2666
565 2668
682 2668
452 2671
570 2671
989 2672
35 2673
557 2674
891 2676
399 2677
506 2677
591 2677
776 2677
924 2677
75 2679
286 2679
468 2679
31 2680
197 2681
353 2682
759 2684
231 2685
579 2685
586 2686
894 2688
573 2689
155 2690
364 2690
816 2692
336 2693
418 2694
744 2694
827 2694
191 2696
400 2696
562 2696
16 2699
443 2699
807 2699
296 2701
219 2705
965 2705
325 2706
458 2706
313 2707
960 2709
806 2710
873 2713
913 2713
52 2714
48 2715
603 2716
257 2717
289 2717
714 2719
901 2719
343 2720
769 2720
143 2722
936 2725
58 2727
770 2729
192 2732
728 2734
933 2737
13 2739
640 2740
68 2741
919 2741
725 2742
845 2743
979 2743
984 2743
115 2744
488 2744
661 2747
663 2747
630 2748
73 2749
310 2750
799 2752
74 2755
346 2755
695 2755
135 2756
404 2757
659 2758
417 2760
204 2761
25 2762
483 2762
27 2774
470 2776
507 2776
939 2777
92 2782
167 2782
290 2784
212 2786
571 2787
15 2793
529 2794
813 2796
762 2799
350 2805
554 2808
207 2810
504 2812
541 2813
96 2831
865 2833
1 2834
785 2835
104 2837
820 2837
935 2837
116 2838
775 2838
331 2839
912 2840
540 2842
218 2843
648 2846
448 2860
720 2863
371 2886
274 2888
422 2890
986 2909
829 2922
884 2985
685 3042
552