847
676 1875
816 1892
703 2023
873 2033
339 2040
309 2068
330 2073
631 2083
142 2086
777 2086
228 2087
56 2095
147 2098
440 2099
59 2111
24 2123
242 2127
79 2131
544 2131
83 2132
383 2134
547 2137
368 2138
108 2142
270 2147
732 2147
480 2148
815 2151
825 2152
620 2153
409 2154
311 2157
464 2157
581 2158
525 2160
961 2162
69 2164
519 2169
280 2170
193 2173
991 2174
170 2177
619 2177
455 2178
328 2184
10 2186
138 2186
733 2188
790 2188
370 2189
806 2190
136 2191
23 2192
57 2193
261 2193
352 2195
388 2196
783 2197
229 2198
77 2199
81 2199
563 2200
169 2201
768 2207
385 2211
647 2214
808 2214
604 2215
491 2220
557 2220
411 2222
846 2222
927 2222
99 2225
424 2226
615 2228
977 2228
471 2230
55 2231
656 2231
319 2233
135 2234
750 2235
643 2236
244 2239
47 2240
984 2241
596 2242
978 2244
646 2245
860 2245
712 2251
345 2253
697 2253
881 2253
787 2254
304 2256
538 2256
667 2257
33 2258
129 2258
724 2259
705 2260
671 2261
267 2264
398 2264
690 2264
405 2268
54 2269
715 2269
445 2270
230 2271
811 2271
599 2272
833 2272
341 2273
407 2274
932 2274
16 2275
447 2275
909 2275
700 2276
595 2277
73 2279
87 2279
458 2280
574 2280
106 2281
347 2281
275 2282
941 2282
841 2283
4 2285
457 2286
68 2287
672 2287
316 2289
379 2289
20 2290
288 2291
116 2292
655 2292
258 2294
474 2296
355 2297
812 2297
208 2298
435 2298
191 2300
478 2300
771 2300
541 2301
509 2302
838 2302
12 2303
921 2303
957 2304
835 2305
743 2306
89 2307
489 2308
898 2308
156 2309
102 2310
603 2310
822 2311
931 2311
793 2313
462 2314
929 2314
114 2315
570 2315
71 2317
800 2317
713 2318
784 2318
113 2319
283 2319
357 2319
985 2319
857 2320
515 2321
163 2323
200 2323
995 2324
870 2325
986 2325
178 2326
387 2326
315 2327
340 2327
125 2328
366 2328
439 2328
98 2330
694 2331
449 2332
583 2333
422 2334
936 2335
397 2336
51 2337
146 2337
684 2337
759 2338
162 2339
344 2339
616 2339
950 2339
664 2340
19 2341
198 2341
558 2341
561 2341
802 2341
428 2342
313 2343
404 2343
187 2345
718 2345
788 2345
819 2348
894 2348
204 2351
560 2351
729 2351
133 2352
516 2355
739 2355
842 2355
960 2355
5 2356
86 2356
863 2356
913 2357
30 2358
940 2358
992 2358
365 2359
503 2359
662 2359
148 2360
308 2360
938 2360
717 2361
552 2362
126 2363
140 2363
160 2363
400 2364
575 2364
832 2364
53 2365
227 2366
425 2366
617 2366
454 2367
997 2367
644 2368
885 2368
321 2369
408 2369
496 2369
466 2370
501 2370
531 2370
608 2370
716 2370
278 2371
262 2373
322 2373
691 2373
818 2373
306 2374
413 2377
757 2377
904 2377
269 2378
738 2379
899 2381
707 2382
874 2382
358 2383
186 2384
486 2384
320 2385
342 2385
390 2385
546 2385
884 2385
973 2386
434 2387
760 2387
549 2388
795 2388
260 2389
493 2391
834 2391
965 2391
622 2392
248 2393
845 2393
982 2393
367 2395
923 2395
18 2396
64 2396
529 2396
756 2396
220 2397
307 2397
627 2398
679 2398
864 2398
730 2400
7 2401
17 2401
866 2401
42 2402
285 2403
572 2403
600 2403
291 2404
867 2404
475 2405
683 2405
786 2405
472 2406
976 2406
414 2407
543 2407
692 2407
31 2408
333 2408
778 2408
104 2409
349 2409
520 2410
14 2411
742 2411
91 2412
281 2412
438 2412
442 2412
625 2412
696 2413
744 2414
766 2414
450 2415
745 2415
151 2416
157 2416
332 2416
514 2416
922 2416
573 2417
652 2417
492 2418
948 2418
21 2419
831 2419
494 2420
883 2420
467 2421
66 2422
246 2422
396 2423
741 2423
255 2424
222 2425
779 2425
84 2426
517 2426
537 2427
988 2427
482 2428
45 2429
188 2429
300 2429
714 2429
131 2430
185 2430
206 2430
773 2430
914 2430
953 2431
37 2432
240 2432
420 2432
41 2433
708 2433
852 2433
325 2434
469 2434
969 2434
70 2435
580 2435
944 2435
871 2436
183 2437
571 2437
673 2438
891 2438
609 2440
989 2440
854 2441
924 2441
61 2442
152 2442
196 2442
682 2442
882 2442
382 2443
532 2443
555 2443
907 2443
177 2444
582 2444
65 2445
323 2445
650 2445
699 2445
49 2446
417 2446
431 2446
949 2446
181 2447
415 2447
624 2447
675 2447
161 2448
373 2448
499 2448
814 2448
416 2449
26 2450
36 2450
237 2451
605 2451
781 2451
78 2452
470 2452
680 2452
80 2453
205 2453
350 2453
460 2453
636 2453
897 2453
593 2454
774 2454
701 2455
688 2456
326 2457
324 2458
476 2458
530 2458
197 2459
202 2459
1000 2459
1 2460
107 2460
215 2461
331 2461
785 2461
945 2461
564 2462
39 2463
256 2463
481 2463
611 2463
668 2463
828 2463
865 2463
118 2464
317 2464
432 2464
473 2464
824 2464
485 2465
637 2465
910 2465
180 2466
189 2467
465 2467
754 2467
821 2467
967 2467
998 2467
92 2468
356 2468
585 2468
837 2468
851 2468
334 2470
362 2470
880 2470
139 2471
426 2471
441 2471
477 2471
490 2471
839 2471
112 2473
298 2473
721 2473
29 2474
22 2475
451 2475
522 2475
621 2475
661 2475
813 2476
412 2477
796 2477
862 2477
487 2480
809 2480
346 2481
394 2481
548 2481
678 2482
336 2483
498 2483
645 2483
62 2484
72 2484
236 2484
799 2484
168 2485
318 2485
437 2485
770 2485
896 2485
930 2485
601 2486
612 2486
150 2487
375 2487
511 2487
171 2488
234 2488
775 2488
959 2488
578 2489
512 2490
588 2490
858 2490
360 2491
461 2491
681 2492
890 2493
981 2493
524 2494
179 2496
259 2496
971 2496
58 2497
361 2497
338 2498
386 2498
990 2498
6 2499
175 2499
566 2499
590 2499
649 2499
720 2499
377 2501
423 2501
764 2502
542 2503
568 2503
103 2504
273 2504
127 2506
290 2506
403 2506
711 2507
32 2509
613 2509
752 2509
753 2509
540 2510
137 2511
911 2511
119 2512
429 2512
448 2512
928 2512
654 2513
801 2513
840 2514
303 2515
506 2515
592 2515
95 2516
994 2516
686 2517
765 2517
879 2519
172 2520
353 2520
905 2520
194 2522
235 2522
302 2522
810 2522
82 2523
314 2523
272 2524
968 2524
378 2526
484 2527
687 2527
789 2527
849 2527
889 2527
947 2528
46 2529
247 2529
351 2529
456 2529
584 2529
263 2530
374 2530
483 2530
657 2530
3 2531
110 2531
145 2531
337 2531
638 2531
844 2531
933 2531
479 2532
120 2533
393 2534
962 2534
534 2535
25 2536
28 2536
305 2536
736 2536
877 2536
758 2537
666 2538
869 2538
767 2539
836 2539
52 2540
279 2541
299 2541
335 2541
380 2541
463 2541
763 2541
115 2542
207 2542
602 2542
830 2542
43 2543
144 2543
231 2543
238 2543
427 2544
327 2545
406 2545
569 2545
878 2545
999 2546
60 2547
856 2547
507 2548
769 2548
213 2549
550 2550
843 2550
892 2550
105 2551
513 2551
626 2551
934 2551
632 2552
887 2552
182 2554
343 2554
364 2554
418 2554
635 2554
893 2554
217 2555
282 2555
401 2555
597 2556
190 2557
8 2558
154 2558
698 2558
50 2559
195 2559
642 2559
689 2559
271 2560
731 2561
908 2563
174 2564
214 2564
96 2565
301 2565
791 2565
850 2565
391 2566
702 2566
855 2567
903 2567
446 2569
122 2570
430 2570
48 2571
510 2571
67 2572
76 2572
293 2572
740 2572
975 2573
212 2574
376 2574
925 2574
395 2575
734 2575
797 2575
85 2576
34 2577
348 2577
111 2578
201 2578
310 2578
312 2578
329 2578
297 2579
556 2580
980 2580
219 2581
251 2581
399 2581
526 2581
210 2583
223 2583
257 2583
888 2583
433 2585
912 2586
868 2587
901 2587
723 2589
224 2590
284 2590
641 2590
90 2591
452 2591
979 2591
996 2591
117 2592
226 2592
243 2592
11 2593
589 2593
972 2593
792 2594
459 2595
508 2595
504 2596
761 2596
40 2598
926 2598
955 2598
653 2599
917 2599
167 2600
254 2600
651 2600
735 2600
751 2600
295 2601
935 2601
371 2602
419 2602
614 2603
902 2603
354 2604
551 2604
539 2605
886 2605
659 2606
952 2606
674 2607
943 2607
199 2609
176 2610
725 2610
695 2611
628 2612
706 2612
942 2612
505 2613
829 2614
218 2615
2 2616
155 2616
164 2616
954 2617
35 2619
610 2619
372 2620
630 2620
233 2621
363 2621
807 2621
124 2623
545 2623
27 2624
184 2624
410 2624
639 2624
872 2625
535 2626
577 2626
956 2626
264 2627
848 2627
964 2627
567 2628
132 2630
876 2630
528 2631
623 2631
906 2631
221 2633
277 2634
709 2638
920 2640
250 2641
958 2643
15 2645
798 2645
245 2647
559 2648
203 2649
554 2650
159 2651
38 2652
149 2652
265 2652
749 2652
453 2653
192 2654
523 2654
728 2654
900 2654
101 2657
737 2657
93 2658
658 2658
974 2659
565 2660
983 2660
748 2661
109 2664
665 2665
586 2666
648 2666
726 2666
562 2668
782 2668
518 2669
591 2669
497 2670
618 2673
915 2673
130 2679
663 2679
693 2679
384 2680
951 2680
987 2680
153 2681
970 2682
468 2683
803 2684
895 2684
919 2687
804 2688
820 2689
74 2693
239 2693
536 2695
173 2696
134 2697
710 2697
63 2699
13 2701
123 2701
286 2701
918 2701
100 2702
249 2702
381 2702
606 2704
755 2705
402 2707
776 2707
966 2708
143 2710
287 2711
727 2711
527 2712
211 2714
369 2715
963 2715
88 2716
444 2718
859 2718
94 2720
722 2720
225 2721
359 2722
640 2722
436 2724
495 2724
704 2724
500 2726
502 2729
772 2731
128 2733
875 2734
121 2735
946 2735
232 2745
587 2746
75 2747
747 2748
670 2751
165 2752
266 2753
576 2753
817 2753
294 2754
853 2755
276 2756
579 2757
669 2757
598 2759
421 2761
629 2765
826 2765
253 2768
823 2769
488 2770
166 2773
389 2775
141 2776
685 2780
633 2783
780 2785
746 2786
794 2786
289 2787
392 2796
216 2799
44 2800
268 2800
292 2801
296 2801
916 2801
993 2802
209 2808
533 2809
939 2809
158 2811
805 2812
241 2813
861 2814
634 2815
660 2818
827 2820
9 2823
274 2824
594 2846
607 2846
937 2847
762 2875
443 2885
677 2891
553 2896
97 2907
252 2935
521 3021
719 3022
847