206
314 1995
827 2016
174 2018
279 2019
917 2027
374 2046
874 2060
470 2066
285 2081
978 2084
201 2086
883 2092
583 2097
20 2102
726 2104
799 2112
367 2113
105 2119
659 2122
270 2125
271 2134
461 2137
918 2137
387 2138
931 2139
547 2143
474 2144
861 2148
7 2149
901 2149
895 2150
312 2156
99 2157
95 2158
553 2158
232 2159
903 2161
858 2164
208 2168
2 2172
431 2174
131 2176
17 2177
306 2178
435 2178
477 2179
984 2181
970 2184
252 2185
994 2186
226 2190
293 2190
735 2194
539 2197
608 2200
317 2204
407 2206
692 2207
269 2208
658 2208
137 2215
953 2215
947 2216
324 2220
527 2222
584 2223
772 2223
852 2223
365 2225
921 2225
672 2227
497 2228
719 2228
120 2229
612 2232
701 2233
550 2234
379 2235
570 2235
84 2236
209 2236
258 2236
816 2236
48 2237
752 2237
661 2239
950 2239
181 2241
589 2241
941 2242
81 2243
825 2244
303 2245
503 2245
704 2254
542 2255
927 2256
41 2257
375 2257
510 2259
561 2259
942 2260
166 2263
335 2263
357 2263
733 2264
743 2264
149 2266
594 2266
130 2267
315 2269
807 2269
751 2270
413 2271
421 2271
712 2271
489 2272
859 2272
228 2275
486 2276
597 2276
668 2277
971 2278
68 2279
134 2279
812 2281
156 2283
531 2284
221 2285
230 2285
729 2285
52 2286
23 2288
173 2288
224 2290
328 2290
929 2290
993 2290
402 2291
231 2293
670 2293
691 2293
366 2294
167 2296
965 2297
471 2298
968 2298
202 2299
248 2299
845 2299
998 2299
359 2300
756 2300
403 2302
690 2302
626 2303
654 2303
963 2303
14 2305
260 2305
245 2307
560 2307
831 2307
4 2309
543 2309
588 2310
148 2312
940 2312
447 2313
184 2314
462 2314
967 2315
103 2316
154 2316
302 2316
46 2317
322 2317
275 2318
655 2318
657 2318
112 2319
888 2319
336 2321
566 2321
438 2322
601 2322
150 2323
217 2323
408 2323
873 2323
61 2324
132 2324
632 2324
110 2325
146 2325
514 2326
168 2327
569 2327
694 2327
656 2331
617 2332
784 2332
944 2333
133 2336
164 2336
635 2336
893 2336
932 2336
347 2337
8 2338
91 2338
428 2338
483 2338
114 2339
321 2339
178 2340
254 2340
487 2340
885 2340
821 2341
633 2343
502 2345
216 2347
274 2348
183 2349
38 2350
246 2350
900 2350
951 2350
140 2351
220 2351
760 2351
548 2353
644 2354
65 2355
219 2355
96 2357
406 2357
702 2358
454 2359
641 2360
126 2361
919 2361
86 2362
468 2363
490 2363
686 2363
1 2364
499 2364
902 2365
356 2366
381 2366
63 2367
251 2367
256 2367
786 2367
800 2367
710 2369
151 2370
249 2370
575 2370
680 2370
55 2371
452 2371
172 2372
567 2372
396 2373
622 2374
205 2375
92 2376
171 2376
446 2377
952 2378
956 2378
390 2379
642 2379
179 2380
427 2380
818 2381
25 2382
662 2383
884 2383
505 2385
665 2385
138 2386
234 2386
787 2386
39 2387
282 2387
697 2387
708 2387
789 2387
860 2387
878 2387
36 2388
177 2388
371 2388
732 2389
849 2389
155 2390
604 2391
745 2391
679 2392
13 2395
85 2396
341 2397
370 2397
380 2397
506 2397
834 2397
49 2398
485 2399
797 2399
1000 2399
192 2400
235 2400
430 2400
457 2400
599 2400
700 2400
45 2401
349 2401
350 2401
675 2401
804 2402
992 2402
545 2403
723 2403
108 2404
290 2404
308 2404
418 2404
223 2405
129 2406
559 2406
833 2406
344 2407
634 2407
741 2407
817 2407
836 2407
294 2408
42 2410
165 2410
372 2410
73 2411
465 2411
579 2411
714 2411
765 2411
458 2412
210 2413
889 2413
351 2415
533 2415
614 2415
667 2415
687 2415
161 2416
682 2416
35 2417
43 2417
619 2417
820 2417
826 2417
688 2418
188 2419
292 2419
568 2419
384 2420
478 2420
159 2421
823 2421
309 2422
175 2423
189 2423
933 2423
16 2425
163 2425
262 2425
337 2425
401 2425
442 2426
50 2427
144 2427
117 2428
846 2428
851 2428
195 2429
239 2429
389 2429
847 2430
966 2430
730 2432
838 2432
190 2433
705 2434
669 2435
78 2436
304 2436
910 2437
352 2439
754 2439
975 2439
255 2440
698 2440
792 2440
703 2441
31 2442
466 2442
552 2442
320 2443
534 2443
856 2443
749 2444
837 2444
892 2444
894 2444
268 2446
476 2446
540 2446
51 2447
544 2447
211 2450
59 2451
441 2451
460 2451
715 2451
853 2451
761 2452
794 2452
806 2452
106 2453
300 2453
340 2453
87 2455
802 2455
207 2456
227 2456
524 2456
557 2456
582 2456
863 2456
244 2457
674 2457
997 2457
305 2458
678 2458
519 2459
610 2459
653 2459
750 2459
757 2459
98 2460
912 2460
920 2460
77 2461
496 2461
664 2462
475 2463
972 2463
253 2464
368 2464
373 2464
24 2465
781 2465
364 2466
512 2466
517 2466
562 2466
331 2467
776 2467
100 2468
122 2468
411 2468
980 2468
53 2469
463 2469
663 2469
780 2469
864 2470
104 2471
934 2471
737 2473
788 2473
400 2474
840 2474
914 2474
34 2475
101 2475
289 2475
518 2475
724 2475
770 2475
890 2475
939 2475
615 2476
266 2477
572 2477
509 2478
706 2478
398 2480
449 2480
89 2481
327 2481
528 2481
625 2482
119 2484
194 2484
725 2484
961 2484
516 2485
693 2485
64 2486
121 2487
83 2488
386 2488
525 2488
764 2488
600 2489
607 2490
555 2491
236 2492
709 2492
261 2493
433 2493
646 2493
996 2493
333 2494
139 2495
899 2495
609 2496
808 2496
898 2496
926 2496
6 2497
11 2497
399 2497
602 2498
57 2499
869 2500
876 2500
595 2501
738 2501
828 2501
930 2501
747 2502
522 2503
532 2503
88 2504
504 2504
574 2504
596 2504
842 2505
214 2506
541 2507
671 2507
982 2507
707 2508
740 2508
450 2509
498 2509
886 2509
909 2509
482 2510
529 2510
286 2511
296 2511
758 2511
954 2511
240 2512
204 2513
676 2513
896 2513
805 2514
197 2515
382 2515
666 2516
136 2517
169 2517
199 2517
247 2517
768 2517
76 2518
742 2519
960 2519
988 2519
564 2520
673 2520
746 2520
21 2521
623 2521
10 2522
30 2522
47 2522
422 2522
629 2523
785 2523
904 2523
906 2523
916 2523
383 2524
250 2525
416 2525
448 2526
835 2527
881 2527
186 2528
429 2528
887 2528
280 2530
307 2531
313 2531
981 2531
263 2532
556 2532
628 2532
803 2532
414 2533
27 2534
484 2535
115 2536
225 2537
677 2537
727 2539
923 2539
397 2540
551 2540
759 2540
809 2540
15 2541
60 2541
507 2542
577 2542
160 2543
385 2543
798 2543
37 2544
191 2544
520 2544
713 2544
153 2545
649 2545
872 2545
979 2545
176 2546
277 2546
651 2546
744 2546
957 2546
526 2547
684 2547
844 2547
135 2548
814 2548
867 2548
875 2548
415 2549
866 2549
882 2550
113 2551
621 2551
922 2552
990 2552
124 2553
196 2554
736 2554
326 2555
143 2556
488 2556
603 2556
905 2556
145 2557
257 2557
316 2557
423 2557
762 2557
839 2557
879 2557
455 2558
523 2558
549 2560
959 2560
591 2561
598 2561
683 2561
102 2562
638 2563
611 2565
376 2566
536 2567
865 2567
500 2570
301 2571
459 2571
720 2571
343 2572
580 2573
29 2574
147 2574
469 2574
565 2574
999 2574
637 2575
439 2576
563 2576
771 2576
755 2577
405 2578
871 2578
977 2578
721 2579
66 2580
722 2580
369 2581
652 2581
93 2582
265 2582
310 2582
479 2582
769 2582
699 2583
855 2583
774 2584
299 2585
546 2585
573 2585
689 2585
983 2586
141 2588
82 2589
631 2589
958 2589
273 2590
606 2590
218 2591
850 2591
339 2592
419 2592
718 2593
870 2593
915 2593
182 2594
491 2594
297 2595
67 2596
811 2597
259 2598
409 2598
80 2599
346 2599
26 2600
995 2602
734 2603
775 2604
75 2605
193 2605
298 2605
72 2606
630 2606
777 2606
829 2606
976 2606
319 2607
426 2607
636 2607
587 2608
640 2608
935 2609
436 2610
215 2611
592 2611
696 2611
125 2612
585 2612
242 2613
394 2613
815 2613
107 2614
142 2614
378 2614
627 2614
434 2615
493 2615
985 2615
620 2617
911 2619
28 2620
778 2620
5 2622
212 2622
581 2622
237 2623
513 2623
763 2623
18 2624
62 2624
795 2624
348 2625
907 2625
276 2626
538 2626
586 2626
728 2626
962 2626
783 2627
943 2627
329 2628
363 2629
576 2629
272 2630
647 2630
946 2631
767 2633
417 2634
480 2634
58 2635
796 2635
281 2638
334 2638
445 2638
330 2639
645 2639
832 2640
660 2642
782 2642
187 2643
793 2643
593 2644
877 2644
287 2645
453 2645
530 2646
648 2646
681 2646
97 2647
395 2647
643 2648
716 2648
158 2649
198 2649
3 2651
12 2651
717 2651
924 2651
157 2652
639 2652
843 2652
537 2653
362 2654
238 2655
345 2655
913 2655
325 2656
361 2657
616 2657
624 2657
128 2659
578 2659
56 2661
862 2661
180 2662
936 2665
969 2666
111 2668
127 2668
494 2668
22 2669
295 2669
841 2669
267 2670
332 2670
424 2670
779 2671
473 2672
495 2672
54 2673
109 2674
243 2676
801 2677
854 2677
118 2678
388 2678
766 2678
949 2678
283 2679
412 2679
731 2679
284 2680
810 2682
456 2683
964 2685
94 2686
444 2686
437 2687
830 2688
278 2689
318 2691
358 2691
618 2691
945 2691
472 2692
685 2692
880 2694
377 2695
440 2695
233 2697
311 2697
571 2697
773 2698
987 2698
355 2699
464 2699
558 2699
897 2699
739 2701
937 2701
813 2702
857 2702
973 2702
342 2703
410 2706
9 2713
650 2713
393 2714
79 2717
70 2719
123 2719
353 2720
200 2721
213 2721
928 2726
229 2728
925 2730
420 2732
170 2733
69 2734
354 2734
791 2735
40 2736
824 2736
948 2736
443 2737
32 2739
508 2739
908 2741
991 2746
748 2747
19 2749
613 2749
790 2752
71 2757
152 2758
989 2758
605 2759
695 2759
868 2761
222 2763
451 2763
492 2766
848 2767
432 2768
515 2769
288 2771
291 2776
521 2777
425 2782
162 2785
467 2789
938 2790
404 2791
711 2791
44 2792
554 2792
391 2798
819 2804
535 2806
501 2808
203 2809
511 2809
33 2810
822 2813
590 2817
974 2817
392 2828
360 2833
74 2835
264 2835
338 2836
90 2839
986 2843
116 2846
481 2849
753 2849
185 2876
955 2906
891 2912
323 2941
241 2967
206