430
531 1754
475 2015
133 2016
49 2046
72 2050
274 2064
944 2075
895 2088
155 2098
482 2098
32 2103
380 2103
165 2108
253 2120
728 2126
315 2127
326 2135
917 2135
231 2137
848 2139
854 2139
144 2141
222 2141
505 2141
78 2142
418 2142
550 2142
825 2144
999 2144
137 2145
399 2145
488 2152
39 2153
802 2155
523 2156
851 2156
243 2158
123 2159
506 2159
94 2166
281 2166
420 2166
818 2167
934 2167
887 2168
708 2169
702 2172
619 2175
406 2183
665 2183
259 2184
961 2184
656 2189
236 2190
713 2190
859 2190
948 2190
716 2194
654 2195
930 2195
971 2196
543 2197
623 2199
821 2199
483 2200
694 2201
875 2202
546 2203
22 2207
184 2212
970 2212
471 2218
749 2218
865 2219
320 2223
374 2224
631 2225
100 2226
234 2226
600 2227
815 2229
173 2230
194 2230
235 2230
837 2232
867 2236
378 2238
891 2240
232 2243
273 2244
709 2244
779 2245
213 2247
462 2252
507 2254
263 2256
679 2256
997 2257
707 2258
588 2260
589 2267
811 2267
787 2268
480 2272
740 2272
96 2273
319 2273
432 2274
840 2274
456 2275
661 2277
38 2278
827 2278
719 2280
318 2281
812 2281
485 2283
866 2283
795 2284
244 2285
250 2285
361 2285
734 2285
383 2286
790 2286
313 2287
212 2288
286 2289
350 2289
574 2290
129 2292
393 2292
613 2293
132 2294
145 2295
433 2295
560 2295
667 2295
693 2295
264 2297
880 2298
17 2299
256 2299
598 2299
181 2301
984 2301
940 2302
139 2303
532 2303
979 2303
242 2305
441 2305
890 2305
778 2306
486 2308
455 2310
528 2311
162 2313
416 2313
521 2315
780 2315
177 2316
833 2316
124 2317
555 2317
182 2318
540 2318
587 2318
277 2320
364 2320
698 2320
379 2321
754 2321
279 2323
172 2324
805 2324
856 2325
284 2326
156 2327
220 2327
260 2327
131 2328
392 2328
725 2328
136 2329
287 2329
839 2329
85 2330
324 2330
11 2331
130 2331
634 2331
328 2332
296 2333
721 2333
907 2333
909 2333
431 2334
565 2334
200 2335
902 2335
20 2336
84 2336
874 2336
340 2337
111 2338
122 2338
784 2338
914 2338
513 2339
828 2339
103 2340
147 2340
720 2341
724 2341
42 2342
424 2342
925 2342
50 2343
80 2343
526 2343
677 2343
59 2345
106 2345
389 2345
498 2345
935 2345
809 2346
401 2347
454 2347
786 2347
850 2347
960 2347
157 2348
922 2348
453 2349
439 2350
733 2350
829 2350
962 2350
55 2353
87 2353
323 2353
117 2354
154 2354
680 2354
928 2354
831 2355
959 2356
110 2357
40 2358
601 2358
776 2359
164 2360
224 2360
869 2360
585 2362
621 2363
645 2363
293 2364
552 2364
704 2364
885 2364
938 2364
969 2364
8 2366
102 2366
333 2366
13 2367
215 2367
349 2367
624 2367
419 2368
554 2368
612 2368
199 2369
300 2369
408 2369
822 2369
88 2370
158 2371
51 2373
60 2373
247 2373
686 2373
844 2373
910 2375
142 2378
858 2378
289 2379
292 2379
472 2380
609 2380
819 2380
481 2381
689 2381
762 2381
30 2382
474 2382
726 2382
794 2382
196 2384
291 2384
309 2384
73 2385
288 2385
450 2385
567 2386
628 2386
737 2387
26 2388
479 2388
755 2389
334 2390
303 2391
913 2391
700 2392
746 2392
121 2393
218 2393
285 2393
314 2393
421 2393
515 2393
519 2393
372 2394
473 2394
635 2394
678 2394
114 2395
595 2395
718 2395
342 2399
206 2400
249 2400
509 2400
535 2400
553 2400
774 2400
341 2401
86 2402
254 2402
282 2405
789 2405
923 2405
736 2406
995 2406
119 2408
258 2408
782 2408
814 2408
838 2408
926 2408
927 2408
198 2409
888 2409
908 2409
476 2410
189 2411
572 2411
592 2411
307 2413
464 2413
611 2413
727 2413
83 2414
442 2414
435 2416
622 2416
792 2416
57 2417
675 2417
974 2417
93 2418
512 2418
993 2418
452 2419
793 2419
943 2419
602 2420
863 2420
58 2421
370 2421
629 2421
915 2421
517 2422
70 2423
166 2423
518 2423
569 2423
23 2424
64 2424
354 2424
682 2424
36 2426
176 2428
563 2428
920 2428
321 2429
672 2429
46 2431
352 2431
945 2431
994 2432
346 2433
348 2433
573 2433
638 2433
901 2433
229 2434
514 2434
538 2434
861 2434
461 2435
964 2435
986 2435
116 2436
458 2436
690 2436
976 2436
150 2437
937 2437
246 2438
495 2438
738 2439
478 2440
501 2440
657 2440
662 2441
101 2443
311 2443
67 2444
305 2444
398 2444
641 2444
810 2444
832 2444
6 2445
104 2445
190 2445
207 2446
403 2446
278 2447
290 2448
239 2449
459 2449
669 2449
967 2449
306 2450
245 2451
27 2454
375 2455
468 2455
576 2455
668 2455
701 2455
872 2457
5 2458
225 2459
936 2459
92 2460
759 2460
941 2460
510 2461
748 2461
916 2461
775 2462
81 2463
183 2463
210 2463
230 2463
676 2463
731 2463
742 2463
924 2463
1000 2463
211 2464
280 2464
559 2464
892 2464
248 2465
426 2465
381 2466
864 2466
159 2467
633 2467
98 2468
876 2468
262 2469
605 2469
817 2469
388 2470
593 2470
594 2470
983 2470
95 2472
444 2472
582 2472
659 2472
228 2473
692 2473
834 2473
835 2473
963 2473
1 2474
143 2474
470 2474
599 2474
803 2474
508 2475
868 2475
879 2475
933 2475
912 2476
542 2477
946 2479
557 2480
898 2480
355 2481
357 2481
135 2482
209 2482
371 2482
705 2482
120 2483
849 2483
152 2484
185 2484
492 2484
968 2484
187 2485
503 2485
317 2486
397 2486
744 2486
484 2487
25 2488
411 2488
436 2488
630 2488
799 2488
882 2488
24 2489
128 2489
134 2489
415 2489
996 2489
743 2490
992 2490
203 2491
763 2491
853 2491
627 2492
647 2492
947 2492
53 2493
534 2493
765 2493
906 2493
524 2494
987 2494
4 2495
467 2495
870 2495
97 2497
580 2497
696 2497
711 2497
881 2497
972 2497
76 2498
268 2498
952 2498
990 2498
79 2499
283 2499
897 2499
664 2500
146 2501
695 2501
739 2501
836 2501
457 2502
63 2503
201 2504
275 2504
900 2504
188 2505
322 2505
637 2505
33 2506
82 2507
276 2508
384 2508
571 2509
714 2509
958 2509
429 2510
562 2510
351 2511
394 2511
643 2512
65 2513
722 2514
949 2514
991 2514
377 2515
845 2515
618 2517
138 2518
214 2518
581 2518
608 2518
3 2519
56 2519
270 2519
855 2519
862 2519
921 2519
978 2520
105 2521
202 2521
732 2521
953 2521
2 2522
174 2522
368 2522
266 2523
477 2525
127 2526
756 2526
806 2526
241 2527
447 2527
491 2528
951 2528
19 2529
536 2529
769 2530
175 2531
366 2532
564 2532
616 2533
646 2533
723 2533
768 2533
255 2534
15 2535
414 2535
446 2535
636 2535
191 2536
529 2536
61 2538
387 2538
427 2538
338 2540
649 2541
893 2542
149 2544
170 2545
204 2545
412 2545
437 2545
610 2545
663 2545
800 2545
10 2546
109 2546
294 2546
359 2546
824 2546
217 2547
327 2547
47 2548
706 2548
7 2549
545 2549
687 2549
894 2550
966 2550
369 2551
614 2551
717 2551
798 2551
208 2552
312 2552
548 2553
329 2554
353 2554
386 2554
391 2554
48 2555
642 2555
652 2555
161 2556
497 2556
808 2556
905 2556
21 2557
773 2558
344 2559
522 2561
956 2562
533 2563
807 2563
931 2563
62 2564
804 2564
113 2565
653 2565
918 2565
801 2567
490 2569
547 2569
847 2570
34 2571
295 2571
842 2571
586 2572
75 2573
330 2573
988 2573
108 2574
846 2574
153 2575
760 2575
31 2576
438 2576
54 2577
335 2577
544 2577
626 2577
783 2577
884 2577
148 2578
644 2578
347 2579
496 2579
584 2579
697 2579
167 2580
304 2580
68 2581
566 2581
226 2582
530 2582
493 2583
141 2584
735 2584
747 2584
443 2585
460 2585
615 2586
878 2587
950 2587
180 2588
511 2589
604 2589
494 2590
402 2591
710 2591
272 2592
310 2592
655 2592
169 2593
251 2593
568 2593
125 2594
410 2596
233 2599
332 2600
685 2600
336 2601
409 2602
750 2603
788 2603
35 2605
539 2605
591 2605
981 2605
356 2606
606 2606
163 2607
729 2607
269 2608
448 2608
658 2608
766 2608
390 2609
650 2609
757 2609
267 2610
577 2610
331 2611
171 2612
504 2612
575 2612
502 2613
823 2613
469 2614
771 2614
160 2615
18 2616
445 2616
489 2616
74 2617
451 2617
66 2618
400 2618
617 2618
761 2618
852 2619
527 2620
500 2622
551 2622
596 2622
413 2623
579 2623
899 2623
640 2624
373 2626
955 2626
298 2627
671 2627
873 2631
37 2632
44 2632
632 2632
777 2632
772 2633
639 2634
345 2635
741 2635
651 2636
975 2637
271 2638
325 2638
911 2639
428 2640
168 2641
261 2641
699 2641
343 2642
877 2644
681 2646
237 2647
715 2647
219 2649
221 2651
770 2651
883 2652
363 2653
549 2654
816 2654
252 2655
691 2655
425 2656
77 2657
112 2657
385 2657
302 2658
45 2659
223 2659
466 2660
977 2660
561 2661
985 2661
140 2665
205 2665
227 2666
751 2666
758 2667
942 2668
337 2669
889 2669
151 2670
973 2670
240 2672
982 2673
407 2674
12 2675
299 2675
358 2675
423 2675
620 2675
998 2675
487 2676
730 2676
857 2676
980 2676
297 2677
52 2678
607 2678
648 2678
41 2679
820 2679
382 2681
578 2681
115 2682
525 2682
126 2683
440 2683
28 2684
520 2684
896 2685
932 2688
688 2690
785 2691
308 2692
9 2693
301 2693
904 2693
826 2695
499 2696
89 2699
238 2699
558 2699
684 2699
376 2702
666 2702
886 2703
179 2704
673 2704
843 2704
193 2705
434 2705
683 2705
463 2707
516 2707
186 2708
192 2708
465 2709
257 2713
360 2713
860 2713
965 2713
764 2714
752 2715
871 2716
781 2717
660 2718
449 2724
395 2725
712 2725
753 2729
541 2731
797 2733
603 2734
71 2735
745 2735
195 2737
957 2738
316 2739
118 2742
14 2743
43 2743
767 2743
919 2745
265 2746
90 2751
216 2751
590 2755
791 2757
597 2764
796 2769
556 2770
339 2774
422 2776
703 2777
178 2780
583 2781
537 2783
99 2785
365 2797
625 2800
813 2802
841 2805
830 2806
396 2807
107 2808
16 2809
929 2832
989 2836
404 2843
954 2855
670 2857
903 2857
69 2858
367 2861
91 2870
362 2870
417 2884
405 2920
570 2939
29 2948
674 2955
197 2969
939 3149
430