572
169 1856
372 1859
111 2015
187 2026
520 2061
55 2078
401 2090
526 2096
612 2105
377 2112
561 2112
253 2115
255 2117
518 2122
159 2134
64 2135
534 2138
90 2140
272 2141
958 2144
140 2146
996 2146
578 2150
614 2150
964 2150
780 2156
113 2160
245 2160
950 2160
654 2174
158 2176
315 2176
108 2177
135 2183
793 2184
599 2185
621 2186
45 2188
439 2189
778 2189
322 2190
757 2190
934 2190
370 2192
354 2193
890 2194
80 2200
366 2203
609 2205
756 2205
447 2210
269 2211
579 2212
333 2213
681 2213
347 2214
879 2214
784 2215
65 2216
74 2216
220 2216
178 2217
374 2217
657 2217
855 2218
302 2219
16 2220
691 2220
848 2220
444 2221
104 2222
490 2222
618 2222
198 2224
610 2228
652 2228
907 2228
882 2229
846 2231
980 2231
89 2232
481 2232
143 2233
291 2233
82 2234
408 2234
821 2234
150 2236
78 2237
458 2237
852 2238
243 2239
666 2239
461 2240
484 2242
208 2243
671 2244
400 2245
295 2248
498 2248
591 2250
156 2252
724 2252
897 2254
399 2256
881 2256
197 2258
611 2258
810 2259
480 2261
225 2262
986 2262
5 2263
112 2264
283 2264
558 2264
117 2265
17 2266
616 2266
535 2267
217 2268
94 2269
103 2269
133 2269
819 2271
905 2271
741 2272
758 2272
131 2273
258 2275
1 2277
194 2277
425 2277
874 2277
248 2280
904 2280
280 2281
121 2282
767 2282
993 2283
97 2284
130 2284
216 2284
799 2285
664 2287
898 2287
189 2288
944 2288
44 2291
92 2291
442 2291
574 2295
869 2299
50 2300
642 2300
675 2300
929 2301
585 2303
994 2305
251 2306
505 2306
571 2306
936 2306
249 2307
491 2307
736 2307
583 2308
592 2308
699 2308
815 2308
630 2309
38 2311
429 2311
682 2311
124 2312
339 2313
297 2314
781 2314
478 2315
256 2316
694 2316
772 2316
909 2316
31 2317
883 2317
506 2318
663 2318
204 2320
466 2321
900 2321
145 2322
636 2322
862 2322
995 2323
457 2325
373 2327
73 2328
375 2328
67 2329
728 2329
504 2331
597 2331
241 2332
493 2332
693 2332
953 2332
777 2333
4 2334
289 2334
410 2335
733 2335
661 2336
870 2336
83 2337
637 2338
324 2339
287 2340
452 2340
2 2341
185 2341
462 2341
60 2342
233 2342
974 2342
922 2343
560 2344
828 2344
834 2344
18 2345
25 2345
529 2345
608 2345
286 2346
892 2347
193 2348
889 2348
93 2349
109 2351
292 2352
239 2354
358 2354
708 2354
184 2355
680 2355
844 2356
946 2356
119 2357
167 2357
267 2357
885 2357
149 2359
449 2359
722 2359
446 2360
488 2361
749 2361
96 2362
812 2362
76 2365
224 2365
632 2365
321 2366
413 2366
590 2366
683 2366
984 2366
764 2367
600 2368
132 2369
77 2370
154 2371
182 2371
422 2371
833 2371
988 2372
226 2373
475 2374
151 2375
186 2375
806 2375
912 2375
957 2375
667 2376
970 2377
307 2378
902 2378
445 2379
470 2379
983 2379
282 2380
921 2380
937 2380
540 2381
740 2381
231 2382
541 2382
634 2382
785 2382
755 2384
238 2386
822 2386
141 2387
438 2387
492 2387
495 2387
627 2387
814 2387
676 2388
318 2390
742 2390
908 2390
95 2391
766 2391
782 2391
136 2392
692 2392
700 2393
932 2393
257 2394
619 2394
227 2395
838 2397
949 2397
39 2398
276 2399
188 2400
242 2400
539 2400
720 2400
788 2400
191 2401
207 2401
277 2401
431 2401
552 2401
805 2401
876 2401
152 2403
847 2403
978 2403
183 2404
327 2404
360 2404
962 2405
81 2406
568 2406
669 2406
628 2407
809 2407
880 2407
407 2409
501 2409
549 2409
938 2409
542 2410
839 2410
66 2411
430 2411
575 2411
105 2412
850 2412
998 2412
246 2413
362 2413
920 2413
649 2414
719 2415
213 2416
222 2416
262 2416
734 2416
274 2417
641 2417
927 2417
260 2418
115 2419
843 2419
190 2420
760 2420
639 2421
860 2422
424 2423
523 2423
219 2424
623 2424
811 2424
426 2426
997 2426
816 2427
789 2428
84 2429
134 2430
348 2430
670 2430
509 2431
531 2431
536 2432
576 2432
714 2432
384 2433
673 2433
977 2433
467 2434
296 2436
314 2436
352 2436
414 2436
532 2436
548 2436
747 2437
355 2438
919 2438
40 2439
329 2439
391 2439
792 2439
415 2440
633 2440
779 2440
981 2440
775 2441
137 2442
166 2442
434 2442
674 2442
791 2442
127 2443
353 2443
479 2443
320 2444
330 2444
668 2444
689 2444
284 2445
494 2445
887 2445
34 2446
298 2446
326 2446
477 2446
522 2446
768 2446
939 2446
293 2447
759 2447
116 2449
474 2449
557 2449
598 2450
725 2451
19 2452
382 2452
672 2452
332 2453
550 2453
562 2453
992 2453
126 2454
686 2454
471 2455
744 2455
147 2457
405 2457
460 2458
209 2459
211 2459
254 2459
524 2459
556 2459
948 2459
303 2460
344 2460
406 2460
638 2460
644 2461
803 2461
851 2461
56 2462
79 2462
237 2462
359 2463
41 2464
367 2464
569 2464
595 2464
392 2465
565 2465
651 2465
537 2466
584 2466
797 2466
85 2467
214 2467
622 2467
804 2467
120 2468
421 2468
924 2468
148 2469
393 2469
705 2473
114 2474
175 2474
385 2474
129 2475
690 2475
840 2475
128 2476
336 2476
485 2476
985 2476
98 2477
206 2477
427 2477
436 2477
947 2477
9 2478
732 2478
36 2479
625 2479
931 2480
486 2481
771 2481
106 2482
547 2482
580 2482
727 2482
807 2482
910 2482
648 2483
891 2483
968 2483
999 2483
270 2484
629 2484
325 2485
813 2485
139 2486
396 2486
752 2486
842 2486
155 2487
472 2487
7 2488
940 2489
54 2490
70 2490
301 2490
369 2490
645 2490
656 2490
615 2491
658 2491
894 2491
244 2492
519 2492
701 2492
868 2492
30 2493
464 2494
496 2494
473 2495
279 2496
688 2497
13 2498
364 2499
230 2500
737 2500
796 2500
704 2501
830 2501
961 2501
966 2501
380 2502
510 2502
533 2502
543 2502
696 2502
530 2503
582 2503
646 2504
913 2504
387 2505
716 2505
389 2506
945 2506
967 2506
409 2507
726 2507
53 2508
454 2508
800 2508
196 2509
606 2509
774 2509
6 2510
679 2511
215 2512
331 2512
443 2512
451 2512
866 2512
310 2513
383 2513
941 2513
440 2514
715 2514
954 2514
371 2515
678 2515
163 2516
232 2516
546 2516
577 2517
925 2517
942 2517
101 2518
205 2518
884 2518
61 2519
959 2519
144 2520
278 2520
911 2520
607 2521
24 2522
820 2522
873 2522
794 2523
955 2523
87 2524
802 2524
823 2524
865 2524
469 2525
917 2526
170 2528
299 2528
901 2528
309 2529
48 2530
545 2530
26 2531
603 2531
640 2531
743 2531
861 2531
871 2531
323 2532
450 2532
589 2532
899 2532
88 2533
559 2533
702 2533
893 2533
21 2534
363 2534
835 2534
916 2534
72 2535
403 2535
857 2535
14 2536
261 2536
620 2536
770 2536
281 2537
350 2538
717 2538
831 2538
266 2540
453 2540
10 2541
586 2541
928 2541
989 2541
57 2542
250 2542
316 2542
412 2542
613 2542
418 2543
753 2544
750 2546
102 2547
735 2547
877 2547
456 2548
508 2548
29 2549
273 2549
538 2549
99 2550
264 2550
935 2550
192 2551
240 2551
294 2551
420 2551
643 2551
845 2552
138 2553
200 2554
365 2554
712 2554
801 2554
933 2554
487 2555
824 2555
827 2555
836 2556
37 2557
386 2557
746 2559
35 2560
685 2561
790 2561
3 2562
165 2563
172 2563
376 2563
990 2563
69 2565
448 2565
62 2567
157 2567
312 2567
499 2567
517 2567
402 2568
731 2568
435 2569
761 2569
859 2569
15 2570
570 2572
751 2573
342 2576
626 2576
853 2576
181 2578
357 2578
703 2578
729 2578
49 2579
210 2580
33 2581
161 2581
218 2582
516 2582
259 2583
263 2583
783 2584
47 2585
91 2585
588 2585
698 2585
739 2586
952 2587
63 2588
75 2588
867 2589
971 2589
346 2590
361 2590
798 2590
388 2591
787 2591
786 2592
617 2593
976 2593
58 2594
228 2594
423 2594
829 2595
252 2596
878 2596
455 2597
832 2597
341 2598
463 2598
503 2598
762 2598
903 2598
659 2599
707 2599
416 2600
433 2600
528 2600
738 2600
915 2600
100 2601
123 2602
201 2603
265 2603
863 2603
180 2605
587 2605
987 2605
991 2607
51 2608
288 2608
179 2609
328 2609
160 2610
718 2610
437 2612
906 2612
42 2613
334 2613
581 2613
46 2616
745 2616
551 2617
677 2618
173 2619
489 2619
895 2619
956 2619
441 2620
896 2622
930 2622
647 2623
285 2624
975 2624
567 2625
951 2625
311 2626
1000 2628
118 2629
174 2629
394 2630
515 2632
338 2633
601 2633
512 2635
713 2635
468 2636
605 2636
275 2637
763 2638
290 2639
153 2640
513 2640
235 2643
411 2643
195 2644
203 2644
748 2644
417 2645
973 2647
854 2648
317 2649
356 2649
11 2650
563 2651
795 2651
960 2652
199 2654
107 2655
969 2655
432 2657
514 2657
527 2657
695 2658
308 2659
723 2662
23 2663
730 2663
43 2664
313 2664
398 2667
162 2668
856 2668
32 2670
202 2670
635 2671
808 2671
349 2672
849 2672
305 2673
554 2673
368 2675
68 2676
482 2677
212 2683
507 2683
624 2684
872 2684
483 2685
943 2686
502 2688
544 2688
223 2690
300 2690
594 2691
875 2691
12 2692
351 2694
864 2695
27 2697
769 2697
773 2697
381 2699
345 2700
521 2700
337 2702
684 2702
177 2703
926 2703
59 2704
653 2704
765 2704
125 2705
573 2706
268 2707
818 2708
886 2708
525 2709
221 2710
247 2710
404 2710
340 2714
776 2714
52 2715
379 2720
826 2720
858 2721
8 2723
378 2723
596 2723
465 2724
511 2724
660 2725
164 2727
687 2728
390 2732
631 2732
650 2732
721 2732
979 2732
343 2733
476 2737
319 2738
888 2738
234 2741
837 2741
168 2744
395 2744
564 2747
706 2747
22 2748
428 2753
304 2755
146 2766
604 2768
825 2777
335 2778
697 2780
497 2781
593 2781
500 2785
20 2787
459 2788
923 2788
817 2790
271 2793
419 2793
602 2795
754 2798
71 2806
555 2806
972 2806
566 2812
28 2827
553 2829
86 2831
171 2835
236 2843
397 2845
665 2846
655 2847
965 2850
914 2851
662 2852
711 2856
963 2860
918 2862
229 2865
982 2872
306 2879
110 2888
176 2943
710 2958
841 3006
142 3015
709 3017
122 3043
572