306
903 2003
833 2006
50 2015
864 2036
28 2046
327 2073
888 2073
790 2076
819 2076
647 2084
777 2086
432 2088
68 2093
212 2094
702 2100
554 2104
480 2106
465 2107
83 2108
146 2119
873 2123
237 2127
229 2128
215 2131
539 2133
922 2134
223 2135
139 2145
213 2149
64 2152
582 2162
544 2163
426 2165
171 2170
77 2171
671 2171
645 2173
294 2174
206 2178
438 2180
299 2181
555 2181
489 2182
962 2182
536 2185
20 2186
863 2192
160 2193
344 2197
500 2200
583 2201
390 2205
697 2209
709 2212
527 2214
402 2215
86 2216
918 2217
471 2218
580 2219
502 2223
758 2223
878 2223
507 2226
760 2227
563 2228
630 2228
385 2229
329 2230
473 2230
361 2231
901 2231
176 2232
688 2234
407 2236
655 2236
99 2237
641 2238
144 2239
543 2239
228 2241
672 2243
967 2243
820 2245
519 2247
865 2247
353 2248
398 2248
593 2248
837 2248
316 2249
314 2251
359 2252
238 2253
375 2253
687 2253
93 2254
682 2254
23 2256
274 2256
188 2257
209 2258
374 2260
315 2261
29 2262
248 2263
326 2263
566 2263
293 2264
698 2264
978 2264
34 2265
595 2265
994 2266
35 2267
281 2268
474 2268
816 2268
811 2269
836 2269
825 2270
708 2271
381 2272
658 2272
763 2273
154 2274
48 2275
434 2277
917 2277
738 2279
685 2282
677 2283
861 2286
337 2287
567 2288
714 2289
122 2290
362 2290
855 2291
405 2292
588 2292
120 2293
406 2293
545 2293
779 2293
877 2296
379 2297
660 2298
195 2299
421 2299
481 2299
311 2301
788 2301
845 2301
173 2302
428 2302
487 2302
517 2302
367 2303
941 2304
999 2304
997 2305
713 2306
786 2307
476 2308
585 2308
773 2308
175 2309
190 2309
629 2309
831 2309
808 2310
914 2310
929 2310
110 2311
269 2312
260 2313
310 2314
704 2314
856 2315
653 2317
821 2317
596 2318
266 2319
322 2319
944 2319
982 2319
450 2321
734 2321
862 2321
557 2322
940 2322
528 2325
762 2325
279 2329
454 2329
633 2329
100 2330
397 2330
478 2330
581 2330
813 2330
262 2331
748 2331
201 2332
246 2332
661 2333
95 2334
987 2334
440 2335
441 2335
108 2336
743 2336
764 2336
112 2337
800 2337
844 2337
562 2338
751 2338
887 2338
991 2338
11 2339
49 2340
164 2340
553 2340
232 2341
267 2344
470 2344
719 2344
21 2345
57 2345
304 2346
602 2346
899 2347
514 2348
525 2348
166 2349
12 2351
380 2351
463 2351
849 2351
860 2351
67 2352
529 2352
692 2353
149 2354
309 2354
858 2354
956 2354
636 2355
965 2355
792 2356
898 2356
920 2356
210 2357
656 2357
59 2359
876 2360
126 2361
345 2361
506 2361
907 2361
259 2362
58 2363
339 2364
356 2364
455 2364
684 2365
802 2365
47 2366
167 2366
371 2366
495 2366
893 2366
71 2367
503 2367
172 2368
806 2368
150 2369
328 2370
383 2370
926 2370
138 2372
846 2372
895 2372
902 2373
165 2374
564 2374
847 2374
113 2375
561 2375
642 2375
669 2375
33 2376
236 2376
829 2376
961 2376
137 2377
710 2377
885 2378
646 2379
717 2379
178 2380
186 2380
386 2380
123 2381
205 2381
916 2381
66 2382
148 2382
439 2382
705 2382
16 2383
239 2383
464 2383
780 2383
988 2383
192 2384
196 2384
701 2385
42 2386
174 2386
435 2386
51 2387
63 2387
80 2387
467 2387
297 2389
511 2389
897 2389
874 2390
242 2391
282 2391
415 2391
872 2391
513 2393
754 2393
330 2395
452 2395
884 2395
1000 2395
400 2396
857 2396
7 2397
370 2397
964 2397
187 2399
624 2399
689 2399
809 2400
296 2401
954 2401
617 2402
735 2402
957 2402
39 2403
396 2403
542 2403
854 2403
261 2405
357 2405
745 2405
43 2407
114 2407
414 2407
623 2407
88 2408
867 2408
541 2409
271 2410
707 2410
835 2411
934 2411
27 2412
615 2412
995 2412
4 2413
142 2414
971 2416
335 2417
72 2418
118 2418
180 2418
736 2418
287 2419
254 2420
531 2420
973 2420
394 2421
703 2421
913 2421
930 2421
256 2423
522 2423
801 2423
986 2423
608 2426
625 2426
44 2428
109 2430
140 2431
221 2431
358 2431
818 2431
635 2432
341 2433
998 2433
62 2434
577 2434
22 2435
547 2435
720 2435
921 2435
512 2436
3 2437
377 2437
546 2437
694 2437
881 2437
931 2437
265 2440
761 2440
992 2440
257 2441
125 2442
420 2442
851 2442
193 2443
388 2444
424 2444
13 2445
600 2445
132 2446
32 2447
216 2447
611 2447
765 2447
868 2447
909 2447
85 2448
227 2448
273 2448
96 2449
505 2449
592 2449
712 2449
258 2450
430 2450
947 2450
204 2451
797 2451
842 2451
945 2451
61 2452
69 2452
208 2452
234 2452
612 2452
732 2453
886 2453
30 2454
155 2454
936 2455
366 2456
15 2457
121 2457
285 2457
214 2458
590 2459
711 2459
830 2460
952 2460
395 2461
755 2461
791 2461
690 2462
784 2462
404 2463
26 2464
651 2464
730 2464
105 2465
191 2466
488 2466
680 2466
740 2466
805 2466
319 2467
387 2468
436 2468
499 2468
509 2468
643 2468
774 2468
905 2468
989 2468
943 2469
538 2470
966 2470
318 2473
399 2473
726 2474
747 2474
312 2476
746 2476
219 2477
498 2477
521 2477
804 2478
576 2479
613 2479
803 2480
814 2480
948 2480
781 2481
798 2481
91 2482
970 2482
101 2483
159 2483
303 2483
569 2483
817 2483
915 2483
950 2483
275 2484
317 2484
599 2484
700 2484
55 2485
217 2485
650 2485
852 2485
896 2485
141 2486
483 2486
799 2486
251 2487
559 2488
87 2491
770 2491
10 2492
84 2492
325 2492
932 2492
60 2493
104 2493
960 2493
194 2494
263 2494
376 2494
289 2495
744 2496
270 2497
560 2497
135 2498
449 2498
771 2498
17 2499
691 2499
290 2500
670 2501
939 2501
368 2502
706 2502
778 2502
24 2503
652 2503
654 2503
342 2507
535 2508
446 2509
75 2511
485 2511
570 2511
184 2512
628 2512
769 2512
810 2512
871 2512
750 2513
752 2513
953 2513
9 2515
264 2515
278 2515
573 2515
946 2515
759 2516
976 2516
892 2518
447 2519
484 2519
729 2519
850 2519
933 2519
177 2520
302 2520
523 2520
756 2520
610 2521
718 2521
812 2521
826 2521
268 2522
468 2523
686 2523
912 2524
169 2525
668 2525
906 2525
919 2525
133 2526
983 2526
200 2527
437 2527
723 2527
923 2527
622 2528
198 2529
482 2530
170 2531
231 2531
579 2531
18 2532
111 2532
597 2532
604 2533
373 2534
365 2535
408 2535
911 2535
115 2536
136 2537
412 2537
631 2537
665 2537
935 2537
963 2537
8 2538
609 2538
73 2539
416 2539
515 2539
974 2539
129 2540
444 2540
479 2540
433 2541
168 2543
493 2543
839 2543
870 2543
644 2544
659 2544
145 2545
162 2545
662 2545
815 2545
618 2547
724 2547
240 2548
733 2548
955 2548
41 2549
102 2550
410 2550
340 2551
532 2551
534 2553
616 2553
675 2553
52 2554
224 2554
587 2554
203 2555
591 2555
807 2555
131 2556
757 2557
40 2558
284 2558
364 2558
347 2559
157 2560
409 2560
461 2561
866 2561
211 2562
575 2562
840 2562
243 2564
551 2564
179 2566
391 2566
524 2566
247 2567
796 2567
417 2568
492 2568
875 2568
352 2569
508 2569
107 2570
419 2570
494 2570
824 2570
82 2571
425 2572
678 2572
775 2572
737 2573
338 2574
486 2574
928 2574
605 2575
31 2576
472 2576
520 2576
968 2576
153 2577
789 2577
879 2577
984 2577
491 2578
574 2578
56 2579
518 2579
598 2579
586 2580
827 2580
448 2582
45 2583
79 2583
222 2583
443 2583
550 2584
199 2585
202 2585
1 2586
445 2586
549 2586
619 2587
772 2587
841 2587
889 2587
883 2588
244 2589
475 2589
558 2589
649 2589
37 2590
76 2590
664 2590
749 2590
537 2591
721 2591
828 2591
235 2592
466 2592
766 2592
422 2594
501 2594
927 2594
942 2594
323 2595
552 2596
638 2597
727 2597
458 2598
632 2598
673 2598
990 2598
620 2599
739 2599
207 2600
324 2600
882 2600
90 2601
320 2601
459 2601
343 2602
938 2602
53 2603
253 2606
571 2607
36 2608
556 2610
226 2612
116 2614
147 2614
418 2614
977 2614
460 2615
958 2615
5 2616
951 2616
25 2618
392 2618
225 2619
403 2620
832 2620
355 2621
510 2621
568 2621
92 2622
457 2622
993 2622
351 2623
442 2624
462 2624
497 2624
540 2624
288 2625
331 2625
533 2627
834 2627
859 2628
683 2629
823 2629
89 2631
245 2631
413 2631
634 2631
904 2631
975 2631
218 2633
526 2633
753 2633
767 2633
411 2634
795 2634
369 2635
423 2635
822 2635
679 2636
97 2637
614 2637
715 2637
307 2639
776 2639
848 2639
972 2639
393 2640
980 2640
46 2641
181 2641
693 2641
128 2643
401 2643
910 2643
431 2644
469 2644
594 2644
313 2645
490 2645
565 2646
601 2646
627 2646
295 2647
152 2648
54 2649
241 2649
283 2649
716 2650
321 2651
78 2652
19 2653
38 2654
626 2655
14 2657
106 2659
782 2660
969 2660
456 2661
640 2662
584 2663
793 2663
853 2663
477 2665
348 2667
185 2668
189 2669
127 2670
280 2670
621 2677
924 2679
606 2680
794 2680
838 2680
163 2681
230 2681
233 2681
124 2683
346 2683
676 2683
695 2683
768 2685
286 2687
349 2687
589 2689
979 2689
98 2690
117 2690
332 2690
603 2690
985 2691
548 2693
530 2694
869 2694
787 2696
894 2696
350 2697
959 2698
158 2699
639 2700
336 2701
637 2701
183 2703
667 2703
300 2705
891 2706
925 2708
130 2709
305 2710
981 2711
94 2712
785 2713
291 2714
382 2715
741 2715
334 2716
143 2718
151 2718
298 2719
429 2720
2 2726
255 2726
384 2726
249 2730
220 2731
292 2731
301 2731
663 2731
156 2733
378 2734
725 2736
843 2738
908 2739
182 2742
427 2742
996 2745
578 2747
276 2750
70 2753
252 2755
389 2755
699 2759
681 2760
119 2762
657 2762
272 2764
65 2765
949 2768
453 2769
696 2769
648 2770
504 2772
516 2775
674 2779
103 2782
134 2789
308 2792
451 2799
890 2799
783 2803
880 2806
6 2807
607 2816
363 2819
81 2829
742 2831
722 2832
731 2833
74 2837
360 2841
372 2846
277 2854
900 2856
937 2857
250 2859
728 2862
666 2870
197 2877
572 2879
333 2900
161 2908
496 2925
354 3166
306