95
504 1878
678 1928
583 1937
956 1966
939 1999
506 2051
223 2059
271 2068
174 2076
357 2081
289 2085
421 2085
960 2101
265 2106
221 2107
150 2111
171 2126
345 2129
50 2133
248 2133
159 2139
98 2146
520 2148
883 2150
206 2158
335 2161
197 2163
215 2167
983 2168
149 2170
867 2170
140 2171
613 2171
667 2171
308 2176
612 2178
46 2179
677 2179
246 2182
373 2182
228 2183
888 2183
296 2185
920 2190
606 2192
249 2198
251 2199
269 2200
6 2203
453 2205
946 2205
272 2206
324 2206
442 2206
784 2206
166 2207
875 2212
191 2214
984 2215
302 2216
545 2217
629 2223
154 2224
367 2225
610 2225
656 2225
829 2226
25 2228
538 2230
26 2232
932 2232
380 2237
853 2239
707 2240
619 2241
738 2241
913 2241
329 2242
294 2244
539 2245
941 2246
942 2246
96 2247
452 2247
672 2247
27 2248
581 2248
582 2248
217 2249
316 2249
208 2250
611 2253
743 2254
940 2254
295 2255
450 2255
836 2255
165 2256
136 2257
692 2257
967 2257
584 2259
800 2259
278 2261
893 2262
462 2264
674 2265
746 2266
385 2267
317 2270
575 2270
666 2270
250 2271
155 2272
387 2272
961 2272
510 2273
633 2273
680 2274
675 2275
1000 2275
211 2276
992 2276
224 2278
775 2278
951 2278
70 2279
811 2279
749 2280
81 2281
301 2281
935 2281
411 2282
507 2282
333 2284
374 2284
529 2284
815 2285
527 2286
139 2287
588 2288
809 2288
365 2291
820 2291
61 2292
425 2292
466 2292
494 2292
808 2292
844 2293
10 2294
339 2294
719 2296
995 2296
408 2297
860 2297
460 2299
562 2300
897 2301
114 2303
153 2303
533 2303
23 2304
859 2304
199 2305
503 2305
739 2305
915 2305
963 2305
2 2306
105 2307
502 2307
521 2307
69 2308
458 2308
473 2308
664 2310
13 2311
56 2311
337 2311
493 2311
4 2313
690 2314
831 2315
393 2316
501 2316
550 2316
660 2316
488 2318
465 2319
475 2319
871 2320
593 2322
519 2323
243 2324
608 2324
912 2324
986 2325
255 2326
427 2326
230 2327
443 2327
534 2327
676 2327
444 2328
342 2329
349 2329
549 2330
655 2330
874 2330
852 2331
183 2333
306 2334
803 2334
426 2335
896 2335
209 2336
276 2336
293 2336
372 2336
641 2336
921 2337
988 2337
91 2338
347 2339
447 2339
661 2339
785 2339
118 2340
505 2341
652 2341
18 2342
682 2342
957 2342
3 2345
855 2345
268 2346
865 2347
729 2349
758 2349
878 2349
901 2349
625 2350
312 2352
544 2353
795 2354
993 2354
257 2355
685 2356
561 2357
576 2357
540 2358
914 2358
352 2359
786 2359
524 2360
585 2360
683 2361
866 2361
33 2362
178 2362
713 2362
396 2363
43 2365
210 2365
451 2365
768 2365
83 2366
828 2367
776 2369
702 2370
934 2371
78 2372
827 2372
485 2373
254 2374
787 2374
87 2375
498 2375
532 2375
108 2376
127 2376
596 2376
716 2376
146 2377
370 2377
461 2377
639 2378
314 2379
518 2379
449 2380
279 2381
560 2381
780 2381
381 2382
383 2382
261 2383
578 2383
752 2383
856 2383
72 2384
280 2384
744 2384
838 2384
330 2385
42 2386
226 2386
900 2386
134 2387
406 2387
405 2388
922 2388
925 2388
537 2389
541 2389
954 2389
281 2390
376 2390
887 2390
379 2391
570 2391
572 2391
691 2391
732 2391
5 2392
569 2393
573 2393
309 2394
627 2394
123 2395
144 2395
260 2395
718 2395
770 2395
944 2395
194 2396
239 2397
252 2397
258 2398
601 2398
895 2398
218 2399
382 2399
632 2400
644 2400
725 2400
202 2401
919 2401
736 2402
799 2402
181 2403
463 2403
229 2404
483 2404
761 2404
126 2405
219 2405
665 2405
798 2405
982 2405
931 2407
38 2408
431 2408
565 2408
651 2408
34 2409
200 2409
490 2409
31 2410
47 2410
773 2410
111 2412
141 2412
551 2412
80 2413
262 2413
363 2413
133 2414
179 2414
102 2416
90 2417
115 2418
12 2419
511 2419
634 2419
997 2419
353 2420
489 2420
918 2421
176 2422
371 2422
472 2422
833 2422
668 2423
715 2423
975 2423
188 2425
270 2425
377 2425
156 2427
299 2427
745 2427
291 2428
590 2429
614 2429
850 2429
76 2430
368 2430
599 2430
247 2431
285 2431
464 2431
723 2431
62 2432
244 2433
300 2433
119 2434
131 2434
688 2434
705 2434
971 2434
454 2435
741 2435
943 2435
471 2436
492 2436
735 2436
928 2436
203 2437
712 2437
767 2437
132 2438
35 2439
292 2439
789 2441
812 2441
869 2442
327 2443
649 2443
750 2443
93 2444
266 2445
479 2446
929 2446
389 2447
417 2448
531 2448
654 2449
721 2449
731 2449
192 2450
366 2450
478 2450
20 2452
58 2453
128 2453
225 2453
283 2453
793 2453
236 2454
9 2455
727 2455
807 2455
950 2455
57 2457
621 2457
821 2457
886 2457
816 2458
947 2458
39 2459
60 2459
106 2459
120 2459
287 2459
818 2459
911 2459
553 2460
587 2460
980 2460
361 2461
618 2461
899 2461
143 2462
343 2462
769 2462
163 2463
623 2463
839 2463
138 2464
647 2464
636 2465
304 2466
499 2466
733 2466
863 2466
55 2467
344 2467
435 2468
681 2468
843 2468
360 2469
645 2469
710 2469
788 2469
964 2469
88 2470
135 2470
175 2471
320 2471
259 2472
410 2472
430 2472
978 2472
635 2474
989 2474
346 2475
579 2475
364 2476
806 2476
45 2477
481 2477
797 2477
910 2477
512 2478
962 2478
112 2479
160 2479
697 2479
322 2481
817 2481
201 2482
413 2483
694 2483
792 2484
474 2486
482 2486
486 2486
15 2487
631 2487
734 2489
64 2490
240 2490
516 2491
724 2491
52 2492
94 2492
101 2493
595 2493
879 2493
84 2494
282 2495
557 2496
990 2496
73 2497
714 2497
706 2498
861 2498
772 2499
884 2499
184 2500
214 2500
284 2500
891 2500
894 2500
245 2501
323 2501
708 2501
147 2502
273 2502
356 2502
82 2503
650 2503
103 2504
386 2504
470 2504
701 2505
937 2505
574 2508
14 2509
104 2509
624 2509
626 2509
717 2509
902 2509
429 2510
747 2510
71 2511
205 2511
548 2511
555 2511
235 2512
567 2512
659 2512
315 2513
319 2513
760 2513
998 2513
552 2514
602 2514
781 2515
791 2515
924 2515
267 2516
378 2516
832 2516
847 2516
65 2517
145 2517
415 2517
491 2518
648 2518
825 2518
137 2519
620 2519
28 2520
161 2520
275 2520
237 2521
711 2521
403 2522
586 2524
401 2525
92 2526
700 2526
759 2526
977 2526
216 2527
182 2528
764 2528
794 2528
849 2529
974 2529
564 2530
840 2530
877 2530
970 2530
158 2531
303 2531
326 2531
907 2531
930 2531
117 2532
354 2532
391 2532
577 2532
358 2533
600 2533
952 2534
41 2535
369 2535
468 2535
834 2535
434 2537
870 2537
756 2538
917 2539
40 2540
125 2540
359 2540
646 2541
487 2542
580 2543
116 2544
334 2544
469 2544
830 2544
703 2545
37 2546
338 2546
628 2546
722 2546
804 2546
805 2546
810 2546
124 2547
204 2547
232 2547
416 2547
164 2548
966 2550
566 2551
699 2551
823 2551
908 2551
8 2552
180 2552
523 2552
640 2552
642 2553
695 2553
826 2553
994 2554
222 2555
446 2555
547 2555
923 2555
985 2555
66 2556
774 2556
777 2556
54 2557
536 2557
85 2558
7 2559
21 2559
693 2559
968 2560
286 2561
522 2561
543 2561
497 2562
390 2563
857 2564
571 2565
905 2566
48 2567
30 2568
597 2568
740 2568
59 2569
238 2569
890 2569
336 2571
328 2572
607 2574
813 2574
558 2575
325 2576
630 2576
999 2576
696 2577
835 2577
173 2578
277 2578
440 2579
422 2580
445 2580
679 2580
16 2581
97 2583
313 2583
605 2583
157 2584
771 2584
400 2586
864 2586
455 2588
778 2588
190 2589
321 2589
100 2590
757 2591
109 2592
726 2592
213 2593
515 2593
151 2594
207 2594
698 2594
802 2597
253 2598
407 2598
428 2598
517 2598
307 2599
513 2599
755 2599
876 2600
991 2600
351 2601
889 2601
959 2602
938 2604
168 2605
979 2605
67 2606
441 2607
616 2607
457 2608
730 2608
882 2608
68 2609
592 2609
44 2610
418 2610
340 2611
686 2611
1 2612
709 2612
110 2613
467 2613
737 2613
881 2613
528 2615
212 2616
568 2617
234 2618
388 2618
480 2618
500 2618
24 2619
671 2619
814 2620
927 2620
130 2621
748 2621
589 2623
525 2624
17 2625
669 2625
779 2625
122 2626
751 2626
790 2626
753 2627
904 2627
609 2628
824 2628
53 2629
162 2629
437 2629
394 2631
11 2633
231 2633
311 2633
397 2634
898 2634
953 2635
603 2638
542 2639
63 2641
220 2643
350 2643
862 2643
909 2643
933 2643
129 2644
152 2644
563 2644
657 2644
622 2646
673 2646
598 2647
177 2648
448 2648
885 2648
331 2649
916 2649
402 2651
958 2651
819 2652
762 2653
148 2654
637 2655
196 2656
193 2657
195 2657
264 2657
868 2657
170 2659
113 2661
298 2661
49 2662
19 2663
121 2663
375 2663
796 2663
972 2663
409 2664
892 2664
508 2665
495 2666
530 2666
955 2666
256 2667
432 2668
348 2669
858 2672
404 2673
687 2673
305 2678
384 2678
172 2680
187 2681
653 2683
439 2684
341 2685
783 2685
903 2685
436 2686
873 2687
535 2688
22 2689
99 2689
433 2689
670 2689
420 2690
822 2691
996 2691
290 2692
617 2692
848 2693
318 2695
423 2697
742 2697
546 2699
965 2699
851 2702
720 2703
399 2705
936 2705
801 2707
842 2707
845 2707
29 2708
419 2708
263 2710
355 2711
477 2711
36 2712
438 2714
509 2714
684 2715
77 2717
185 2718
198 2719
615 2722
591 2725
604 2725
704 2726
288 2729
142 2730
167 2732
412 2733
526 2733
981 2733
310 2734
846 2736
414 2737
233 2739
949 2740
969 2742
227 2744
880 2746
79 2747
728 2748
86 2750
476 2754
987 2754
189 2755
643 2760
906 2761
242 2763
484 2765
594 2768
658 2768
766 2770
837 2772
973 2772
926 2774
332 2776
754 2777
274 2778
782 2780
689 2781
948 2782
496 2783
398 2784
556 2786
169 2789
392 2790
663 2791
362 2796
763 2801
554 2802
395 2805
456 2807
854 2827
186 2828
89 2831
459 2831
662 2831
872 2835
514 2838
841 2841
107 2844
32 2845
74 2851
75 2861
765 2869
297 2871
51 2879
638 2891
945 2893
241 2899
976 2902
424 2944
559 2978
95