210
53 1856
801 1996
761 2007
887 2015
944 2038
994 2061
145 2068
359 2083
165 2091
539 2098
97 2106
374 2119
168 2128
658 2129
180 2131
296 2132
601 2137
612 2141
957 2143
876 2149
294 2151
845 2154
118 2157
970 2157
576 2158
942 2161
854 2162
472 2167
131 2169
730 2169
654 2172
925 2173
380 2174
10 2177
154 2179
384 2179
869 2179
428 2181
764 2185
898 2185
71 2186
231 2186
682 2187
649 2188
923 2190
151 2191
843 2191
632 2193
747 2195
890 2198
692 2200
694 2206
975 2206
903 2208
120 2210
301 2210
42 2211
570 2212
710 2212
713 2213
159 2214
737 2214
739 2214
937 2214
552 2217
243 2219
502 2220
921 2220
894 2221
718 2224
776 2224
800 2224
57 2226
819 2227
337 2228
61 2237
226 2241
833 2241
167 2243
249 2243
368 2243
494 2245
80 2246
551 2247
805 2247
519 2248
435 2251
389 2252
701 2252
874 2253
3 2254
234 2255
615 2255
182 2257
512 2257
659 2257
379 2258
429 2259
69 2261
836 2262
155 2265
859 2265
595 2266
92 2267
449 2267
300 2268
619 2268
635 2269
681 2269
697 2270
900 2271
355 2272
490 2272
291 2273
455 2273
941 2273
190 2274
453 2274
328 2275
123 2276
44 2277
9 2278
187 2278
821 2278
91 2279
115 2281
304 2281
324 2281
709 2281
689 2282
523 2283
606 2283
626 2284
826 2284
846 2285
930 2286
987 2287
684 2288
703 2288
107 2289
913 2290
229 2291
749 2291
784 2291
872 2292
371 2293
133 2295
664 2295
358 2296
376 2297
549 2297
855 2298
329 2299
743 2299
160 2300
629 2300
788 2300
860 2300
34 2302
613 2302
997 2302
150 2304
452 2304
686 2304
948 2305
251 2306
780 2306
755 2308
783 2308
305 2309
460 2310
166 2312
790 2313
6 2314
13 2314
282 2314
331 2314
815 2314
171 2315
478 2315
407 2317
279 2318
886 2318
554 2319
769 2319
38 2321
625 2321
139 2324
901 2324
397 2325
345 2326
375 2326
616 2326
760 2326
132 2327
343 2331
432 2331
219 2332
537 2334
848 2334
82 2336
750 2336
567 2337
335 2338
475 2338
753 2338
931 2338
968 2339
719 2341
443 2342
889 2344
934 2344
85 2345
892 2345
421 2346
786 2346
235 2347
483 2347
467 2348
748 2348
758 2348
954 2348
795 2349
897 2350
23 2351
501 2351
314 2352
47 2353
125 2353
810 2353
922 2353
138 2355
268 2355
773 2355
498 2356
611 2356
918 2356
306 2357
59 2358
188 2358
820 2358
223 2360
271 2361
608 2361
729 2362
450 2364
696 2364
789 2364
18 2365
95 2365
135 2365
31 2367
49 2367
339 2367
593 2367
995 2367
365 2368
640 2369
951 2369
87 2370
285 2370
484 2370
598 2370
642 2370
258 2371
439 2371
751 2371
914 2371
444 2373
609 2373
528 2374
560 2374
808 2375
971 2375
25 2377
164 2377
317 2377
396 2380
583 2380
902 2380
37 2381
707 2381
746 2381
978 2381
230 2382
653 2382
677 2382
768 2382
497 2383
630 2383
777 2383
861 2383
351 2384
240 2385
471 2385
486 2385
413 2386
5 2387
597 2387
20 2389
201 2389
326 2390
589 2390
717 2390
39 2392
636 2392
372 2393
287 2394
348 2394
584 2394
670 2394
715 2394
779 2394
173 2395
211 2395
473 2395
599 2395
888 2396
950 2396
759 2399
54 2400
96 2400
252 2400
399 2400
982 2402
224 2403
553 2403
787 2403
804 2403
940 2403
667 2404
312 2405
334 2405
660 2405
213 2406
382 2406
952 2409
352 2410
233 2412
298 2412
303 2412
510 2412
536 2412
762 2412
812 2412
896 2412
122 2413
206 2413
255 2413
778 2413
51 2414
260 2414
661 2414
594 2415
370 2416
391 2417
799 2417
745 2418
754 2418
793 2418
457 2419
838 2419
955 2419
7 2420
63 2420
360 2420
441 2420
620 2420
916 2420
495 2421
756 2421
864 2421
555 2422
621 2422
650 2422
853 2422
647 2423
100 2425
438 2425
491 2425
587 2425
89 2426
218 2426
434 2426
817 2426
852 2426
94 2427
191 2427
766 2427
110 2428
676 2428
64 2429
43 2430
336 2430
865 2430
419 2431
806 2431
993 2431
316 2432
532 2432
785 2432
899 2432
924 2432
500 2433
607 2433
829 2433
344 2434
634 2434
974 2434
308 2435
390 2436
446 2436
939 2436
290 2437
685 2437
949 2437
134 2438
547 2438
906 2438
293 2439
411 2441
983 2441
130 2442
408 2442
534 2442
267 2443
183 2444
241 2444
577 2445
655 2445
680 2445
775 2445
140 2446
202 2446
307 2446
516 2446
93 2447
557 2447
573 2448
691 2448
998 2448
149 2449
207 2449
431 2449
401 2450
977 2451
990 2451
163 2452
734 2452
868 2452
262 2454
506 2454
822 2454
771 2455
101 2456
216 2456
278 2456
602 2457
639 2457
678 2457
782 2457
40 2459
966 2459
989 2459
204 2460
866 2460
373 2461
803 2461
871 2461
90 2462
189 2462
430 2463
442 2463
969 2463
702 2465
794 2465
79 2466
200 2466
215 2466
522 2466
27 2467
83 2467
141 2467
184 2467
813 2467
247 2468
265 2469
284 2469
600 2470
909 2470
926 2471
752 2472
88 2473
178 2473
393 2473
470 2473
266 2474
426 2474
578 2474
474 2475
162 2476
731 2476
192 2477
920 2477
70 2478
286 2478
395 2478
515 2478
669 2478
849 2478
148 2479
281 2479
816 2479
858 2479
68 2480
412 2480
569 2480
103 2481
302 2481
673 2481
248 2482
503 2482
807 2482
392 2483
666 2483
991 2483
21 2484
156 2484
232 2484
357 2484
531 2485
912 2485
105 2486
346 2486
981 2486
186 2487
857 2487
367 2488
610 2488
919 2488
29 2489
179 2489
212 2489
690 2489
77 2490
988 2490
705 2491
65 2492
402 2492
465 2492
541 2492
945 2492
985 2492
147 2493
292 2494
415 2494
78 2495
41 2496
842 2496
905 2497
433 2498
740 2499
837 2499
671 2500
839 2500
548 2502
757 2502
8 2503
482 2503
851 2503
938 2503
493 2504
714 2504
32 2506
35 2506
181 2506
76 2507
427 2507
700 2507
722 2507
895 2507
973 2507
24 2508
289 2508
542 2508
571 2508
835 2508
986 2508
194 2509
792 2509
124 2510
321 2510
604 2510
741 2510
958 2510
436 2511
827 2511
22 2512
481 2512
561 2512
236 2513
726 2513
956 2513
19 2514
50 2514
205 2514
556 2515
774 2515
114 2516
723 2516
963 2516
26 2517
479 2517
586 2517
867 2517
834 2518
98 2519
383 2519
651 2519
802 2520
891 2521
850 2522
933 2522
960 2522
2 2523
142 2523
398 2523
580 2524
225 2526
244 2526
327 2526
468 2528
526 2528
67 2529
72 2529
381 2531
999 2533
58 2534
106 2534
466 2535
535 2535
698 2535
992 2535
879 2536
276 2537
410 2537
728 2537
623 2538
662 2538
117 2539
627 2539
877 2539
568 2540
984 2540
447 2542
52 2543
386 2543
458 2543
477 2544
565 2545
81 2546
295 2548
518 2548
645 2548
476 2549
575 2549
688 2549
716 2549
74 2550
172 2551
480 2551
529 2551
564 2551
221 2552
592 2552
354 2553
545 2554
400 2555
403 2555
330 2556
546 2556
60 2558
146 2558
533 2558
823 2558
174 2559
256 2562
704 2563
928 2563
624 2564
540 2565
126 2566
646 2566
953 2566
488 2567
581 2567
880 2567
590 2568
687 2568
269 2569
378 2569
448 2569
99 2570
394 2570
566 2570
356 2571
409 2571
738 2572
927 2573
261 2574
631 2574
675 2574
911 2574
28 2575
387 2575
14 2576
558 2576
84 2577
209 2577
246 2577
277 2577
562 2577
633 2578
668 2578
129 2579
603 2579
962 2579
46 2580
414 2580
572 2580
652 2580
870 2580
310 2581
509 2581
847 2583
237 2584
618 2586
1000 2586
585 2587
128 2588
340 2588
508 2590
828 2590
917 2590
550 2591
193 2592
544 2592
369 2596
614 2596
263 2597
513 2598
177 2599
695 2600
208 2601
882 2601
297 2602
127 2603
214 2603
299 2604
347 2604
724 2604
964 2604
66 2605
323 2606
811 2606
121 2608
915 2608
961 2609
797 2610
679 2611
195 2612
721 2612
144 2614
732 2614
238 2616
416 2616
683 2616
763 2616
33 2617
883 2619
893 2619
517 2621
461 2622
487 2623
275 2625
648 2625
364 2627
832 2627
511 2628
109 2629
947 2629
579 2630
907 2630
996 2630
932 2631
203 2632
254 2633
242 2634
270 2634
313 2634
665 2634
699 2634
727 2634
62 2635
765 2636
272 2637
169 2638
881 2638
538 2641
643 2641
959 2641
464 2642
425 2643
725 2643
844 2644
856 2644
936 2644
979 2644
152 2645
417 2645
469 2645
504 2645
56 2646
45 2648
706 2649
809 2649
712 2650
840 2651
264 2652
333 2653
217 2654
338 2655
674 2656
965 2656
366 2657
349 2658
36 2659
280 2659
422 2659
507 2661
885 2663
591 2664
976 2665
980 2665
113 2666
153 2666
1 2667
157 2667
424 2667
588 2667
733 2669
283 2670
322 2670
119 2671
622 2671
672 2672
711 2672
946 2672
253 2675
112 2676
227 2677
176 2679
137 2680
496 2680
708 2680
102 2681
520 2681
770 2682
143 2683
824 2683
315 2684
582 2685
257 2686
525 2687
814 2687
388 2689
735 2689
385 2692
404 2692
406 2692
454 2692
456 2692
30 2693
250 2694
644 2695
796 2696
86 2697
259 2697
499 2697
596 2697
11 2698
967 2698
111 2699
767 2700
462 2701
929 2701
863 2703
55 2704
220 2704
878 2704
830 2705
418 2707
875 2707
245 2708
574 2709
15 2710
104 2710
185 2711
16 2712
521 2712
485 2714
720 2714
862 2714
459 2718
910 2720
514 2721
198 2722
693 2722
4 2724
222 2724
972 2724
736 2727
175 2730
273 2731
311 2732
841 2732
228 2736
943 2736
831 2740
908 2742
492 2745
288 2746
637 2746
742 2748
320 2750
605 2750
559 2751
405 2753
489 2753
437 2754
108 2755
199 2756
638 2756
904 2756
17 2760
319 2760
543 2762
332 2763
197 2764
884 2764
791 2768
170 2770
341 2770
353 2773
420 2773
48 2774
318 2774
377 2774
873 2774
196 2777
445 2777
423 2778
641 2779
935 2780
362 2781
342 2786
361 2788
440 2788
772 2790
239 2792
798 2792
309 2793
781 2794
617 2805
451 2806
825 2813
116 2821
530 2821
563 2821
136 2830
527 2837
12 2842
161 2843
363 2848
656 2866
505 2880
158 2882
463 2884
657 2895
818 2898
75 2904
744 2921
73 2928
663 2936
325 2945
274 2951
350 2956
524 2957
628 3103
210