231
573 1950
359 1979
378 1981
848 1984
621 2008
839 2008
680 2015
384 2025
279 2060
698 2073
898 2083
124 2088
779 2096
890 2096
775 2099
806 2099
6 2104
260 2104
587 2107
331 2108
701 2108
816 2111
827 2115
694 2116
788 2122
876 2123
106 2126
968 2135
415 2136
430 2137
567 2137
840 2145
550 2153
17 2156
96 2156
995 2165
955 2167
158 2172
854 2172
917 2174
2 2175
795 2175
859 2175
686 2176
728 2177
326 2178
452 2178
224 2179
374 2181
574 2181
247 2182
483 2183
210 2186
418 2187
145 2190
32 2192
10 2193
635 2193
594 2195
399 2202
546 2204
924 2204
254 2207
588 2209
630 2211
829 2211
508 2214
246 2215
446 2218
706 2223
471 2225
787 2225
626 2226
974 2226
78 2227
366 2227
393 2227
334 2229
648 2229
526 2230
137 2234
547 2234
533 2236
19 2238
565 2239
506 2240
741 2240
383 2241
726 2241
832 2243
36 2247
165 2247
799 2249
772 2250
204 2252
307 2252
438 2253
563 2253
731 2256
241 2260
190 2262
413 2264
607 2265
800 2266
364 2267
681 2267
970 2267
230 2268
250 2268
207 2273
57 2274
443 2274
986 2276
77 2278
146 2278
321 2278
332 2279
961 2279
432 2281
586 2281
45 2282
104 2282
240 2283
380 2284
598 2284
877 2285
952 2285
589 2286
944 2286
131 2287
429 2287
971 2287
75 2288
493 2288
979 2288
736 2291
950 2292
31 2293
206 2293
531 2293
912 2293
957 2293
484 2294
38 2295
143 2295
164 2295
340 2298
481 2298
903 2298
52 2299
253 2299
999 2299
110 2300
675 2300
684 2300
773 2301
152 2303
569 2304
866 2304
91 2305
804 2305
58 2306
651 2307
838 2307
942 2307
200 2308
709 2309
716 2309
956 2309
51 2310
132 2311
532 2312
654 2312
746 2313
751 2313
784 2313
978 2313
518 2316
41 2318
752 2318
935 2318
697 2320
107 2321
949 2321
134 2322
894 2323
13 2324
379 2324
184 2325
294 2325
730 2325
922 2325
347 2326
636 2326
724 2326
776 2326
815 2326
159 2328
222 2328
337 2328
450 2328
720 2328
901 2328
904 2328
278 2330
548 2330
850 2330
910 2330
186 2331
862 2332
116 2333
212 2333
310 2333
400 2333
444 2333
290 2335
371 2335
442 2335
557 2335
328 2337
539 2338
668 2340
860 2340
868 2340
439 2341
244 2342
933 2342
85 2343
426 2346
631 2346
495 2347
617 2347
789 2348
963 2348
604 2350
714 2350
851 2351
962 2351
139 2352
916 2352
846 2353
929 2353
535 2355
39 2356
732 2356
171 2357
905 2357
130 2358
300 2358
616 2358
765 2358
512 2359
747 2359
346 2360
997 2360
489 2361
606 2361
627 2361
678 2361
864 2361
221 2362
270 2362
23 2363
478 2363
156 2364
812 2364
733 2365
620 2366
117 2367
524 2367
941 2367
322 2368
360 2368
802 2368
965 2368
166 2370
592 2370
619 2370
637 2370
642 2370
936 2370
174 2371
679 2371
46 2372
521 2372
976 2373
395 2374
435 2375
479 2375
688 2375
70 2376
649 2376
647 2377
969 2377
348 2378
902 2378
488 2379
867 2379
202 2380
218 2380
793 2380
173 2381
236 2381
358 2382
382 2382
572 2382
792 2383
217 2384
723 2384
381 2385
759 2385
813 2385
182 2387
356 2387
405 2387
79 2388
461 2388
801 2388
1 2389
456 2390
703 2390
67 2391
777 2391
198 2392
59 2394
219 2394
264 2394
785 2394
296 2396
437 2396
515 2396
519 2396
133 2397
553 2397
722 2397
883 2397
973 2397
89 2398
994 2399
128 2400
320 2400
467 2400
211 2401
497 2401
252 2402
671 2402
886 2402
888 2402
49 2403
66 2403
88 2405
185 2405
500 2405
509 2405
447 2406
958 2406
559 2407
767 2408
84 2409
284 2409
373 2409
640 2409
336 2410
390 2410
911 2410
407 2411
819 2411
989 2411
74 2412
491 2413
700 2413
123 2414
502 2414
542 2414
834 2414
900 2415
187 2416
477 2416
424 2417
517 2417
805 2417
42 2419
155 2419
556 2419
657 2419
938 2419
53 2420
256 2420
297 2420
468 2420
669 2420
884 2420
919 2420
470 2421
499 2421
538 2421
948 2421
48 2422
283 2422
913 2422
194 2423
758 2424
64 2425
991 2425
737 2426
20 2427
609 2427
615 2427
837 2427
983 2427
544 2428
624 2428
436 2429
24 2430
734 2430
822 2430
562 2431
22 2432
416 2434
490 2434
181 2436
683 2436
757 2436
964 2436
258 2437
305 2437
540 2437
144 2438
421 2438
674 2438
687 2438
599 2439
849 2440
735 2441
428 2443
947 2443
262 2444
102 2445
119 2445
659 2445
690 2445
288 2446
516 2446
742 2446
953 2446
27 2447
109 2447
151 2447
895 2447
286 2448
440 2448
718 2448
98 2449
575 2449
369 2450
580 2450
760 2450
47 2451
275 2451
486 2451
743 2451
114 2452
409 2453
835 2454
581 2455
610 2456
881 2456
885 2457
216 2458
345 2458
897 2458
907 2458
427 2459
602 2459
4 2460
245 2460
473 2461
233 2462
693 2462
92 2463
141 2463
274 2463
392 2463
658 2463
909 2464
982 2464
201 2465
282 2466
403 2467
474 2467
485 2468
209 2469
11 2470
537 2470
754 2470
14 2472
344 2472
465 2472
705 2473
545 2474
670 2474
154 2475
234 2475
249 2475
585 2475
213 2476
783 2476
338 2477
725 2477
940 2477
313 2478
453 2478
304 2479
422 2479
56 2480
63 2480
121 2480
170 2480
188 2480
661 2480
676 2480
643 2481
229 2483
281 2483
302 2483
480 2483
21 2484
351 2484
433 2484
441 2484
601 2485
12 2486
232 2486
570 2486
711 2486
120 2488
93 2489
874 2489
43 2490
68 2490
633 2490
786 2490
836 2490
554 2491
193 2492
301 2492
367 2492
536 2492
623 2492
762 2492
807 2492
291 2493
101 2494
357 2494
389 2494
853 2494
529 2495
945 2496
100 2497
431 2497
197 2498
954 2498
76 2499
417 2499
641 2499
869 2499
65 2500
712 2500
923 2500
26 2501
178 2501
449 2501
523 2501
749 2501
112 2502
285 2502
566 2502
828 2502
161 2503
167 2503
458 2503
179 2505
387 2505
377 2506
889 2506
176 2507
375 2508
510 2508
719 2509
980 2509
113 2510
865 2510
271 2511
420 2511
466 2511
591 2512
934 2512
8 2513
34 2514
464 2514
94 2515
503 2516
534 2516
702 2517
330 2518
727 2518
985 2518
774 2519
810 2519
82 2520
370 2520
972 2520
354 2521
457 2521
764 2521
814 2521
858 2521
341 2522
872 2522
273 2523
576 2524
844 2524
255 2525
664 2525
97 2526
823 2526
967 2526
975 2526
61 2527
386 2527
349 2528
83 2529
205 2530
363 2530
235 2531
306 2531
951 2531
870 2532
448 2533
685 2533
73 2534
257 2534
177 2535
55 2536
406 2536
329 2537
597 2537
612 2537
163 2538
303 2538
879 2538
5 2539
639 2539
295 2540
423 2540
543 2540
845 2540
129 2541
579 2542
695 2542
984 2542
192 2543
391 2543
847 2543
9 2544
696 2544
482 2545
928 2545
355 2546
645 2546
809 2547
887 2547
168 2548
899 2548
118 2549
756 2549
160 2550
289 2550
584 2550
312 2551
959 2551
162 2552
689 2552
826 2552
833 2553
86 2555
419 2555
655 2555
150 2556
266 2556
335 2556
739 2556
103 2557
18 2559
147 2559
408 2560
667 2560
72 2561
105 2562
327 2562
352 2562
505 2562
135 2563
277 2563
309 2563
863 2563
893 2563
311 2564
672 2564
930 2564
882 2565
966 2565
990 2565
350 2566
915 2566
44 2567
333 2569
682 2569
740 2569
460 2570
558 2570
634 2570
691 2570
28 2571
511 2572
821 2572
214 2573
411 2573
462 2573
203 2574
401 2574
459 2574
263 2575
530 2575
738 2576
873 2576
981 2576
514 2577
704 2577
81 2578
605 2578
790 2579
927 2579
577 2581
394 2582
522 2582
652 2582
977 2583
62 2585
183 2586
228 2586
454 2586
852 2586
37 2587
699 2588
878 2588
324 2589
343 2589
425 2589
632 2589
412 2590
818 2590
892 2591
248 2592
946 2592
25 2595
520 2595
527 2595
937 2596
593 2597
808 2597
195 2598
317 2599
148 2601
487 2601
496 2602
662 2602
817 2602
996 2602
504 2603
299 2604
798 2604
625 2605
794 2605
998 2606
361 2608
475 2608
115 2609
172 2609
707 2609
748 2610
560 2612
590 2612
595 2612
781 2612
820 2612
782 2613
803 2613
80 2614
225 2614
618 2614
939 2614
227 2615
414 2616
600 2618
125 2619
825 2619
69 2621
769 2623
920 2623
932 2623
555 2624
914 2625
715 2628
142 2629
3 2630
463 2630
931 2630
149 2631
875 2631
992 2631
314 2632
780 2632
33 2633
95 2633
325 2633
644 2633
673 2633
472 2635
766 2635
353 2637
988 2638
551 2639
753 2640
906 2640
315 2642
507 2643
189 2644
242 2644
138 2647
293 2647
841 2648
180 2649
196 2649
622 2649
402 2650
653 2650
811 2650
611 2654
796 2654
494 2655
824 2655
220 2656
261 2656
713 2657
629 2658
677 2658
921 2658
272 2659
861 2659
267 2661
665 2664
339 2667
608 2667
238 2668
365 2668
498 2668
666 2669
656 2670
750 2670
993 2671
761 2673
54 2676
638 2676
87 2678
316 2680
745 2680
35 2682
191 2683
287 2684
552 2685
396 2686
943 2688
891 2689
710 2690
126 2692
583 2692
755 2692
153 2694
434 2694
578 2694
127 2695
791 2696
603 2697
215 2700
987 2701
99 2702
108 2703
596 2703
199 2704
398 2705
251 2706
513 2706
571 2708
717 2708
50 2712
455 2713
925 2713
318 2716
29 2717
492 2717
140 2718
71 2720
208 2721
368 2721
376 2721
650 2722
525 2723
323 2724
729 2724
960 2724
157 2725
169 2726
319 2726
541 2726
397 2727
582 2727
469 2733
60 2734
855 2734
7 2736
292 2736
770 2738
1000 2740
388 2741
843 2741
237 2746
614 2746
918 2746
880 2747
663 2750
568 2756
692 2758
708 2758
268 2761
280 2763
744 2763
646 2764
226 2765
896 2766
926 2769
265 2771
721 2772
763 2772
628 2773
549 2775
771 2777
223 2780
239 2780
831 2780
564 2785
372 2787
15 2788
136 2788
175 2792
122 2793
259 2793
660 2793
778 2793
857 2793
111 2797
613 2800
243 2803
501 2805
30 2807
476 2809
16 2814
856 2816
308 2817
342 2838
871 2841
830 2847
269 2849
451 2860
410 2861
40 2863
362 2865
445 2865
768 2868
561 2872
528 2882
90 2910
842 2912
797 2914
298 2938
908 2942
385 2946
404 2978
276 3059
231