719
811 1931
296 1981
760 2007
329 2028
802 2051
993 2056
218 2077
669 2085
737 2087
399 2089
683 2093
447 2099
389 2113
101 2117
294 2128
234 2130
259 2130
297 2133
920 2134
602 2142
14 2143
856 2143
279 2145
482 2146
322 2153
859 2160
987 2160
704 2162
749 2162
614 2163
713 2164
209 2166
2 2170
21 2173
916 2173
41 2177
887 2186
994 2188
677 2189
902 2189
42 2190
861 2192
746 2194
223 2195
459 2195
722 2198
888 2199
958 2199
277 2202
641 2204
310 2206
623 2207
316 2211
103 2214
780 2215
823 2215
498 2217
374 2218
599 2218
347 2221
493 2221
939 2221
287 2223
180 2228
206 2228
758 2231
402 2233
901 2233
709 2234
897 2237
80 2239
742 2239
102 2240
167 2242
477 2243
875 2244
252 2247
139 2249
365 2249
359 2250
808 2250
326 2251
249 2252
678 2252
146 2253
579 2253
132 2254
421 2257
560 2257
734 2257
651 2260
453 2263
692 2263
966 2264
320 2265
398 2266
895 2266
426 2267
555 2267
997 2267
697 2269
499 2270
680 2270
670 2271
567 2272
794 2272
232 2273
708 2273
829 2276
892 2276
626 2277
928 2278
340 2279
944 2279
430 2280
488 2280
826 2281
553 2282
9 2283
770 2283
302 2284
266 2285
686 2287
980 2288
950 2289
108 2292
941 2292
292 2293
349 2293
603 2294
95 2296
640 2296
648 2296
633 2297
688 2298
212 2300
150 2301
621 2303
40 2304
740 2304
585 2308
909 2309
276 2310
97 2311
264 2311
386 2312
607 2312
569 2313
649 2313
694 2313
975 2313
565 2314
837 2314
951 2314
659 2316
701 2317
886 2319
133 2320
269 2320
458 2320
301 2321
618 2321
653 2321
152 2322
182 2322
194 2322
343 2322
63 2323
363 2323
663 2323
321 2325
665 2325
486 2326
598 2327
589 2329
379 2331
646 2331
934 2331
131 2332
175 2333
463 2335
689 2335
126 2337
134 2337
521 2337
676 2337
464 2339
211 2340
158 2341
210 2341
217 2341
845 2341
804 2342
112 2343
174 2344
306 2344
418 2344
726 2344
912 2344
817 2345
98 2346
154 2346
298 2347
334 2348
639 2348
120 2349
124 2349
159 2349
62 2350
706 2350
39 2351
528 2351
841 2351
613 2353
652 2353
429 2354
833 2354
222 2355
248 2355
946 2355
963 2355
967 2355
184 2356
462 2356
245 2357
889 2357
923 2357
44 2358
7 2359
796 2359
226 2360
233 2361
408 2361
741 2361
753 2361
368 2362
799 2362
825 2362
110 2363
166 2363
545 2363
474 2364
479 2364
761 2364
168 2365
187 2365
262 2365
745 2365
850 2365
942 2366
46 2367
506 2367
724 2367
904 2367
918 2367
756 2368
805 2368
947 2368
59 2369
522 2369
571 2369
64 2370
85 2370
460 2371
149 2372
51 2373
484 2373
513 2373
518 2373
23 2374
352 2375
834 2375
428 2376
577 2376
578 2377
720 2377
810 2378
143 2380
92 2382
587 2382
660 2384
570 2385
878 2385
685 2386
938 2386
105 2387
542 2387
772 2387
682 2388
999 2388
591 2389
715 2389
818 2389
562 2390
809 2390
723 2391
177 2392
235 2392
440 2393
943 2393
53 2395
314 2395
383 2396
18 2398
28 2398
172 2398
751 2398
160 2399
930 2399
425 2400
455 2400
698 2400
929 2400
672 2401
979 2401
485 2403
502 2403
198 2405
911 2405
635 2406
96 2407
351 2407
695 2407
807 2407
274 2408
568 2409
25 2410
445 2410
992 2410
441 2411
903 2411
88 2412
229 2412
494 2412
114 2413
503 2413
765 2413
785 2413
831 2413
61 2414
507 2414
775 2414
285 2415
468 2415
572 2415
699 2415
890 2415
594 2416
358 2417
933 2417
527 2418
144 2419
755 2419
860 2419
504 2420
773 2420
286 2421
546 2421
78 2422
164 2422
312 2422
471 2422
976 2422
257 2423
289 2423
561 2423
739 2423
84 2424
258 2424
762 2425
20 2426
27 2426
111 2426
246 2426
268 2426
457 2426
702 2426
876 2426
894 2426
251 2427
355 2427
336 2429
442 2430
597 2430
883 2432
123 2433
879 2433
93 2434
403 2434
953 2435
191 2436
625 2436
846 2436
874 2436
842 2437
974 2437
32 2439
348 2439
165 2440
501 2440
81 2441
730 2442
970 2442
247 2443
654 2443
86 2444
214 2444
239 2445
452 2445
362 2446
877 2446
949 2446
151 2448
176 2448
378 2448
407 2448
728 2448
777 2448
341 2449
954 2449
94 2450
255 2450
431 2450
622 2450
576 2451
710 2451
795 2452
539 2453
49 2454
483 2454
608 2454
784 2454
995 2454
57 2455
763 2455
47 2456
436 2456
554 2456
971 2456
361 2457
636 2457
427 2458
754 2459
945 2459
109 2460
491 2460
735 2460
48 2461
52 2462
253 2462
387 2462
743 2462
774 2462
106 2463
346 2463
357 2463
390 2463
141 2464
476 2464
509 2464
550 2464
778 2464
864 2464
4 2465
137 2465
26 2466
280 2466
582 2466
606 2466
961 2466
973 2466
318 2467
406 2467
465 2467
866 2467
908 2467
919 2467
524 2468
552 2468
851 2468
55 2469
536 2469
497 2470
905 2470
183 2471
508 2471
855 2471
873 2471
107 2472
397 2472
771 2472
955 2472
370 2473
115 2474
290 2474
391 2474
574 2474
588 2474
657 2474
827 2474
113 2475
283 2475
595 2475
729 2475
731 2475
208 2476
512 2476
666 2476
956 2476
532 2477
768 2477
333 2478
736 2478
857 2478
812 2479
821 2479
839 2479
338 2480
364 2480
658 2480
813 2480
926 2480
962 2480
313 2481
401 2481
627 2482
5 2484
891 2484
566 2485
317 2486
128 2487
213 2487
67 2488
72 2488
190 2489
225 2489
505 2489
543 2489
551 2490
89 2491
367 2491
395 2491
629 2491
776 2491
83 2492
308 2492
836 2493
243 2494
90 2495
413 2495
8 2496
424 2496
448 2496
540 2496
858 2496
219 2497
638 2497
917 2497
612 2498
202 2499
215 2499
307 2499
142 2500
207 2500
376 2500
531 2500
957 2500
295 2501
984 2501
559 2502
628 2502
632 2502
644 2502
893 2502
35 2503
300 2503
443 2503
260 2505
461 2505
534 2505
783 2505
201 2506
523 2506
1 2508
792 2508
58 2509
204 2509
231 2509
433 2509
516 2509
793 2509
173 2510
236 2510
3 2511
45 2511
705 2512
838 2512
990 2512
396 2513
511 2513
129 2514
265 2514
898 2514
65 2515
250 2515
661 2515
791 2515
988 2515
529 2516
840 2516
900 2516
221 2517
228 2517
416 2517
844 2517
1000 2517
414 2519
526 2519
586 2520
766 2520
205 2521
404 2521
547 2521
848 2521
931 2521
998 2521
281 2522
915 2523
964 2523
384 2524
472 2524
549 2524
940 2524
645 2525
305 2526
806 2526
899 2527
960 2527
192 2528
419 2528
303 2529
637 2529
937 2529
972 2529
500 2530
716 2530
769 2530
170 2531
868 2531
925 2532
978 2532
244 2533
199 2535
786 2535
127 2536
291 2536
293 2536
469 2536
377 2537
515 2537
668 2537
684 2537
884 2537
936 2537
31 2538
271 2538
356 2538
79 2539
342 2539
423 2539
996 2539
66 2540
11 2541
456 2541
267 2542
417 2542
449 2542
520 2542
556 2542
360 2543
907 2543
803 2544
867 2544
854 2545
830 2546
922 2546
13 2547
130 2547
118 2548
489 2548
596 2548
104 2549
815 2549
135 2550
470 2550
563 2550
747 2550
977 2550
181 2553
605 2553
690 2554
584 2555
693 2555
366 2556
411 2556
50 2557
444 2558
153 2559
490 2559
548 2559
853 2559
700 2560
22 2561
70 2561
100 2562
615 2562
835 2563
69 2564
30 2566
733 2566
195 2567
282 2567
394 2567
496 2567
324 2568
601 2568
200 2569
450 2569
519 2571
533 2571
650 2571
767 2571
849 2571
186 2572
388 2572
393 2572
435 2572
575 2572
869 2572
380 2573
969 2574
382 2575
311 2579
801 2579
122 2580
332 2580
237 2581
241 2581
319 2581
375 2581
921 2581
473 2582
487 2582
60 2583
156 2583
600 2583
328 2584
619 2585
711 2585
870 2585
674 2587
420 2588
647 2588
989 2588
37 2590
353 2590
410 2590
725 2590
238 2591
642 2591
535 2592
82 2593
717 2593
788 2593
478 2594
843 2594
687 2595
439 2596
6 2597
475 2597
495 2598
17 2599
75 2599
325 2600
392 2600
744 2600
583 2601
798 2601
820 2601
865 2601
787 2602
270 2603
712 2605
73 2607
16 2609
220 2609
517 2610
691 2611
466 2612
664 2614
71 2615
662 2615
138 2616
272 2616
43 2617
604 2617
748 2617
965 2617
227 2618
136 2619
216 2619
256 2619
592 2619
952 2620
616 2621
125 2622
284 2622
538 2622
871 2622
510 2623
29 2624
196 2624
273 2624
679 2624
634 2625
852 2625
880 2626
288 2627
822 2627
157 2628
609 2628
337 2629
721 2629
910 2629
400 2630
467 2631
371 2632
681 2632
881 2637
240 2638
832 2638
344 2639
610 2639
872 2639
68 2641
345 2641
446 2641
36 2642
480 2642
481 2643
188 2645
203 2645
948 2646
558 2647
372 2648
381 2648
707 2648
906 2649
10 2650
557 2650
750 2651
432 2652
162 2653
331 2655
117 2656
593 2656
714 2657
373 2658
278 2659
671 2659
797 2659
580 2661
339 2662
779 2663
781 2663
655 2664
782 2664
959 2664
230 2665
492 2666
819 2666
12 2667
261 2667
354 2668
764 2668
76 2670
38 2676
630 2676
932 2676
145 2677
611 2677
789 2677
422 2678
882 2678
968 2678
224 2680
581 2680
564 2682
617 2682
927 2682
415 2683
537 2685
275 2686
530 2686
54 2687
752 2687
824 2690
544 2691
986 2691
732 2695
185 2696
590 2697
624 2697
738 2699
828 2701
981 2703
985 2705
541 2707
405 2708
437 2709
631 2709
56 2711
814 2712
140 2713
369 2713
643 2714
885 2714
171 2718
673 2718
914 2720
525 2722
757 2723
863 2724
189 2725
155 2726
696 2729
91 2730
299 2731
454 2731
434 2733
254 2734
77 2735
620 2735
19 2737
924 2739
119 2740
147 2744
718 2745
862 2745
24 2753
412 2753
656 2753
309 2754
169 2757
667 2757
982 2759
514 2762
99 2763
727 2765
161 2766
335 2769
991 2772
327 2773
330 2773
178 2774
87 2777
983 2778
15 2779
790 2780
148 2782
197 2785
800 2789
74 2791
913 2795
350 2805
385 2805
675 2807
163 2809
193 2809
323 2811
33 2826
703 2837
179 2844
315 2849
573 2853
304 2864
409 2866
451 2873
935 2877
242 2879
121 2883
34 2889
816 2890
116 2900
263 2900
438 2924
896 2937
759 2958
847 3022
719